0.0761278653482 0.0963642594309 0.109175117452
0.00170565582812 0.0 0.0
0.0 0.00146069808397 0.0
0.0 0.0 3.95674538612
1.0
246
0.324104485273 -1.1318781428 -1.79208744552 0.0785809037031 -1.63640054893
1.69210343302e-05 2.13686357498e-09 2.64941468231e-06 -7.38109338272e-06 -1.40455412634e-07
2.13686357498e-09 9.96779363049e-07 4.29334257035e-09 1.53294791971e-07 -1.04378968899e-05
2.64941468231e-06 4.29334257035e-09 5.93114418734e-06 -2.56283146882e-05 -5.28489636054e-07
-7.38109338272e-06 1.53294791971e-07 -2.56283146882e-05 0.000112995570817 5.90747958995e-07
-1.40455412634e-07 -1.04378968899e-05 -5.28489636054e-07 5.90747958995e-07 0.000110723391117
0.458682792174 1.24271350114 0.642246855819 0.0286651348118 -0.0479319515979
5.10765021318e-05 -5.3275601708e-09 9.90785065369e-06 -2.53069592873e-05 7.12258781732e-07
-5.3275601708e-09 2.54625706475e-06 9.32178956248e-09 -1.01786076812e-06 -3.1751817005e-05
9.90785065369e-06 9.32178956248e-09 2.67155719484e-05 -0.000104736798676 3.13378905048e-06
-2.53069592873e-05 -1.01786076812e-06 -0.000104736798676 0.000416073016822 -3.07512607378e-07
7.12258781732e-07 -3.1751817005e-05 3.13378905048e-06 -3.07512607378e-07 0.000397041614633
0.674709714372 -0.646940332158 2.37943243327 -0.767085526232 -1.67248013897
3.83057558793e-05 3.10795762459e-08 5.42182806385e-06 -2.60820379481e-05 -8.20600803308e-07
3.10795762459e-08 2.22860035137e-06 2.35194335119e-08 3.05886942442e-07 -2.16771313717e-05
5.42182806385e-06 2.35194335119e-08 3.88017633668e-06 -2.74033791356e-05 -8.57837335388e-07
-2.60820379481e-05 3.05886942442e-07 -2.74033791356e-05 0.000199865316972 1.62689320859e-06
-8.20600803308e-07 -2.16771313717e-05 -8.57837335388e-07 1.62689320859e-06 0.000213756997255
0.429503018943 -1.25080629211 -3.06288861903 -0.0703650429973 0.0590457173748
5.94658922637e-05 2.20454463573e-08 1.16889877972e-05 -3.09691131406e-05 -1.20255049296e-06
2.20454463573e-08 3.64847960554e-06 1.26779298171e-07 8.67290225415e-07 -5.09003075422e-05
1.16889877972e-05 1.26779298171e-07 4.09302410844e-05 -0.000178209127625 -8.3615332187e-06
-3.09691131406e-05 8.67290225415e-07 -0.000178209127625 0.000787157565355 1.7628637579e-05
-1.20255049296e-06 -5.09003075422e-05 -8.3615332187e-06 1.7628637579e-05 0.000712774286512
-1.6190058936 -0.195177098565 3.1064530046 -0.103652635495 -4.43326207382
0.000416879163822 7.66149668152e-08 2.88328701572e-05 -8.25351962703e-05 2.2810368705e-07
7.66149668152e-08 1.15120665214e-05 1.59537805189e-08 -5.75572698835e-07 -5.35879771633e-05
2.88328701572e-05 1.59537805189e-08 1.29297495732e-05 -5.4450785683e-05 3.17955738183e-07
-8.25351962703e-05 -5.75572698835e-07 -5.4450785683e-05 0.000238032807829 1.27697569496e-06
2.2810368705e-07 -5.35879771633e-05 3.17955738183e-07 1.27697569496e-06 0.000259434309555
-0.310639761332 1.13250453315 -3.03717398882 -0.0929130181587 -1.76065949996
4.66081619379e-05 5.51275025629e-09 8.43851921672e-06 -2.84101934085e-05 -5.90821514379e-07
5.51275025629e-09 9.61137516242e-07 5.75450487261e-09 1.73363901013e-07 -1.13124651762e-05
8.43851921672e-06 5.75450487261e-09 7.43547707316e-06 -3.58981706086e-05 -8.2701546944e-07
-2.84101934085e-05 1.73363901013e-07 -3.58981706086e-05 0.000182985822903 1.94004655896e-06
-5.90821514379e-07 -1.13124651762e-05 -8.2701546944e-07 1.94004655896e-06 0.000135898313602
-0.846546797353 -0.997342663103 -3.04423808973 -0.112528941559 -2.50034896056
0.000271468656138 -1.84557595873e-08 3.4348518966e-05 -9.96394228423e-05 2.99782527691e-06
-1.84557595873e-08 5.12736096425e-06 -2.09537915907e-08 -1.56364342274e-06 -4.55966473965e-05
3.4348518966e-05 -2.09537915907e-08 2.1610982003e-05 -9.58522068686e-05 3.56237706001e-06
-9.96394228423e-05 -1.56364342274e-06 -9.58522068686e-05 0.000440229661763 -1.65091569215e-06
2.99782527691e-06 -4.55966473965e-05 3.56237706001e-06 -1.65091569215e-06 0.000408040155889
-0.499367523633 -1.06513327397 -3.02752208503 -0.07149431881 -2.24410034465
3.85002567782e-05 3.42088996019e-11 5.48136085854e-06 -1.60661656992e-05 3.2238563108e-07
3.42088996019e-11 2.02742808142e-06 3.98905797283e-10 -5.13110251177e-07 -2.03200761462e-05
5.48136085854e-06 3.98905797283e-10 9.41581038205e-06 -4.4178465032e-05 1.1013025869e-06
-1.60661656992e-05 -5.13110251177e-07 -4.4178465032e-05 0.000211638602195 -1.26865501215e-07
3.2238563108e-07 -2.03200761462e-05 1.1013025869e-06 -1.26865501215e-07 0.000205489821383
0.329621825066 1.18685485704 -2.85675287647 -0.0672780833081 -1.59399760233
2.68041276286e-05 -1.12695242027e-09 5.19427703694e-06 -1.57448848768e-05 3.16991133786e-07
-1.12695242027e-09 1.15521447697e-06 4.4502099783e-09 -3.51527830844e-07 -1.49612851601e-05
5.19427703694e-06 4.4502099783e-09 9.31717659114e-06 -4.35027795902e-05 9.55201130637e-07
-1.57448848768e-05 -3.51527830844e-07 -4.35027795902e-05 0.000207743578358 -3.72437739316e-07
3.16991133786e-07 -1.49612851601e-05 9.55201130637e-07 -3.72437739316e-07 0.000194998108782
0.53336028162 -1.15391619579 -2.74889065622 -0.0648750462174 -1.91786302303
9.71668705461e-05 -1.3707402502e-07 1.58008278959e-05 -4.46108388132e-05 5.34471553237e-07
-1.3707402502e-07 4.16897910327e-06 -4.0187654804e-07 3.60582612302e-06 -4.63826800114e-05
1.58008278959e-05 -4.0187654804e-07 3.17581907439e-05 -0.000140443880809 6.7812936777e-07
-4.46108388132e-05 3.60582612302e-06 -0.000140443880809 0.00063235941343 -2.31847334362e-05
5.34471553237e-07 -4.63826800114e-05 6.7812936777e-07 -2.31847334362e-05 0.000518015527632
1.35760935644 0.101066313191 -2.65826009802 -0.0589530216446 -4.46101706417
0.000100192359241 2.55718801689e-09 6.65448169457e-06 -1.83385054697e-05 6.5213278333e-08
2.55718801689e-09 8.51629738463e-06 -1.29970456619e-09 -1.56783272587e-07 -4.11853216065e-05
6.65448169457e-06 -1.29970456619e-09 7.53662834541e-06 -3.2850613934e-05 1.26217969409e-07
-1.83385054697e-05 -1.56783272587e-07 -3.2850613934e-05 0.000146558944834 3.18308394753e-07
6.5213278333e-08 -4.11853216065e-05 1.26217969409e-07 3.18308394753e-07 0.000210928250453
0.272436618233 -0.944673439867 -2.55537129816 -0.0375979579591 -2.72218847593
0.00243111466989 4.79612083382e-07 0.000334249256412 -0.00101814861409 -1.18976895465e-05
4.79612083382e-07 5.90521153754e-07 6.84499283921e-08 -1.69668396666e-07 -4.6929671953e-06
0.000334249256412 6.84499283921e-08 4.76753739349e-05 -0.000147892787936 -1.74905915173e-06
-0.00101814861409 -1.69668396666e-07 -0.000147892787936 0.000464851909783 5.22110167367e-06
-1.18976895465e-05 -4.6929671953e-06 -1.74905915173e-06 5.22110167367e-06 3.96213545173e-05
-1.0189303646 -0.669672072679 -2.27140115877 -0.0171078787473 -3.46780117505
0.000128772342578 -1.49249803627e-08 1.15563079817e-05 -3.4563785448e-05 7.10417964456e-07
-1.49249803627e-08 5.84987901675e-06 1.55407331448e-09 -9.53501285039e-07 -3.87833060813e-05
1.15563079817e-05 1.55407331448e-09 9.45245938055e-06 -4.45180266979e-05 1.01801094843e-06
-3.4563785448e-05 -9.53501285039e-07 -4.45180266979e-05 0.000215096646571 1.67712948951e-06
7.10417964456e-07 -3.87833060813e-05 1.01801094843e-06 1.67712948951e-06 0.000265235663392
-2.06764469152 0.312489224623 -2.22111797484 0.00458258082741 0.256829852381
0.000556883634999 -1.21620225002e-08 4.02210243919e-05 -0.000117655930808 -1.62216474564e-06
-1.21620225002e-08 1.81577997864e-05 -1.34658515449e-08 1.83980966995e-06 -9.3353628472e-05
4.02210243919e-05 -1.34658515449e-08 2.19595294766e-05 -0.000102125428384 -1.7842763782e-06
-0.000117655930808 1.83980966995e-06 -0.000102125428384 0.000486342585646 -6.64202275402e-07
-1.62216474564e-06 -9.3353628472e-05 -1.7842763782e-06 -6.64202275402e-07 0.000481535884319
0.795713490538 -1.00490537979 -1.71834207265 0.068002689647 -2.49165491371
0.00013670095359 -2.86340036126e-08 1.78440968739e-05 -5.28516866325e-05 -1.10315784241e-06
-2.86340036126e-08 4.74008311357e-06 -6.79585951957e-08 1.95358938981e-06 -4.33798450103e-05
1.78440968739e-05 -6.79585951957e-08 1.88193880604e-05 -8.80313527887e-05 -2.25618214245e-06
-5.28516866325e-05 1.95358938981e-06 -8.80313527887e-05 0.000422448239988 -4.4731300477e-06
-1.10315784241e-06 -4.33798450103e-05 -2.25618214245e-06 -4.4731300477e-06 0.000399362965254
-0.88642793725 -1.08561632208 -1.80108093704 0.0715979618812 -2.18651022007
0.000402342702728 -6.99210218613e-08 5.97236248723e-05 -0.000174508109922 7.21270043869e-06
-6.99210218613e-08 6.70942790748e-06 -3.70058792498e-08 -3.09339975502e-06 -7.00649543433e-05
5.97236248723e-05 -3.70058792498e-08 3.93419250031e-05 -0.000174446497113 8.42013469082e-06
-0.000174508109922 -3.09339975502e-06 -0.000174446497113 0.000803145288955 -5.19139302924e-06
7.21270043869e-06 -7.00649543433e-05 8.42013469082e-06 -5.19139302924e-06 0.000735308625735
-1.02399060101 -0.94550057981 -1.75025141702 0.0699097755439 -2.23166007296
0.000225409530685 -1.4337758536e-08 2.75401816907e-05 -8.22559013613e-05 2.75414413409e-06
-1.4337758536e-08 7.07824210622e-06 -1.97320488837e-08 -2.20200536205e-06 -5.86812966503e-05
2.75401816907e-05 -1.97320488837e-08 2.36834112002e-05 -0.00010864547221 4.43513317805e-06
-8.22559013613e-05 -2.20200536205e-06 -0.00010864547221 0.000511397374794 -1.99423743652e-06
2.75414413409e-06 -5.86812966503e-05 4.43513317805e-06 -1.99423743652e-06 0.00048985198373
-0.37249582129 -1.23920536532 -1.51842868395 0.0775613700752 -1.53244243052
0.000109903950943 1.64672737668e-08 2.30610148719e-05 -6.44238680252e-05 1.0951692957e-06
1.64672737668e-08 1.67854079791e-06 2.14312674274e-08 -7.30880628907e-07 -2.22529633902e-05
2.30610148719e-05 2.14312674274e-08 2.13061593968e-05 -8.54269237607e-05 1.80413178441e-06
-6.44238680252e-05 -7.30880628907e-07 -8.54269237607e-05 0.000355386553565 1.28883368689e-06
1.0951692957e-06 -2.22529633902e-05 1.80413178441e-06 1.28883368689e-06 0.000295935606118
-1.4085529999 0.895185134944 -1.55512273261 0.109513019894 0.486076504208
0.000377306598239 1.74198415692e-08 4.13576235587e-05 -0.00011560323037 -4.43302496933e-06
1.74198415692e-08 1.34322372105e-05 -1.44721767015e-07 5.28057080373e-06 -9.81230841717e-05
4.13576235587e-05 -1.44721767015e-07 3.6277113395e-05 -0.000151043728692 -5.68908171772e-06
-0.00011560323037 5.28057080373e-06 -0.000151043728692 0.000646870990749 -1.25395308714e-05
-4.43302496933e-06 -9.81230841717e-05 -5.68908171772e-06 -1.25395308714e-05 0.000748238700908
-0.238481082487 -1.18509819736 -1.18600440485 0.0830483302925 0.11281943374
4.51931118732e-05 4.26959934074e-09 8.60466479935e-06 -2.60608394456e-05 2.50933823054e-07
4.26959934074e-09 6.21143499302e-07 6.32574526094e-09 -1.75380620249e-07 -8.01741771284e-06
8.60466479935e-06 6.32574526094e-09 6.12459643889e-06 -2.68741187028e-05 3.03349850128e-07
-2.60608394456e-05 -1.75380620249e-07 -2.68741187028e-05 0.000123487348901 5.71427733576e-07
2.50933823054e-07 -8.01741771284e-06 3.03349850128e-07 5.71427733576e-07 0.000104564067442
0.533420247923 -1.20980722737 -0.966594467437 0.120268873587 -1.62876507393
0.000134546280606 1.41525351438e-08 2.63450001512e-05 -7.31369364075e-05 -2.19919115807e-06
1.41525351438e-08 3.24697066389e-06 1.67744005353e-08 1.3193284758e-06 -3.92966430809e-05
2.63450001512e-05 1.67744005353e-08 3.13960299536e-05 -0.000126649887534 -4.42461032435e-06
-7.31369364075e-05 1.3193284758e-06 -0.000126649887534 0.000522883841768 1.30311877911e-06
-2.19919115807e-06 -3.92966430809e-05 -4.42461032435e-06 1.30311877911e-06 0.000477149384096
1.54893245023 0.648791412149 -0.937959569681 0.12815768726 0.18978710676
0.0103326849639 -8.54303365827e-08 0.000935214513447 -0.00271648634225 6.09960770817e-05
-8.54303365827e-08 1.23939662444e-05 7.72741159949e-08 -2.45751994044e-06 -6.66304695187e-05
0.000935214513447 7.72741159949e-08 0.000103537910036 -0.000329151225742 7.29369185137e-06
-0.00271648634225 -2.45751994044e-06 -0.000329151225742 0.00109123217408 -1.20492586575e-05
6.09960770817e-05 -6.66304695187e-05 7.29369185137e-06 -1.20492586575e-05 0.000361029495252
0.391880087705 1.28670073013 -0.807860467662 0.123979747156 -1.22667263125
9.04894259293e-05 -1.20778294033e-08 2.09856862057e-05 -5.59050276934e-05 1.64563607541e-06
-1.20778294033e-08 2.13457724385e-06 -3.53066309522e-09 -1.04272976387e-06 -3.22976666212e-05
2.09856862057e-05 -3.53066309522e-09 3.23529493471e-05 -0.000129797263071 4.20958986069e-06
-5.59050276934e-05 -1.04272976387e-06 -0.000129797263071 0.000532916805241 -1.40426539019e-06
1.64563607541e-06 -3.22976666212e-05 4.20958986069e-06 -1.40426539019e-06 0.00048973527737
0.337139043316 1.05229933857 -0.837771717275 0.120473892485 -1.78485777542
2.3334450816e-05 -8.48088432814e-10 3.08235439661e-06 -8.43040197651e-06 1.08804272259e-07
-8.48088432814e-10 9.16119859085e-07 -3.30285621075e-09 -1.04108856647e-07 -8.05795571068e-06
3.08235439661e-06 -3.30285621075e-09 4.14410033045e-06 -1.7418538846e-05 2.92491563414e-07
-8.43040197651e-06 -1.04108856647e-07 -1.7418538846e-05 7.56211738917e-05 -2.24197918897e-07
1.08804272259e-07 -8.05795571068e-06 2.92491563414e-07 -2.24197918897e-07 7.22608310753e-05
0.590821203692 -1.13953825996 -0.749318478015 0.098054580762 -1.86113389067
0.000126029292005 -2.27737775305e-08 1.99009500648e-05 -5.38801577932e-05 -1.17376850994e-06
-2.27737775305e-08 3.46975502907e-06 -1.45653658024e-07 1.7173051674e-06 -3.53889226972e-05
1.99009500648e-05 -1.45653658024e-07 2.30408077186e-05 -9.34913550736e-05 -1.43302793276e-06
-5.38801577932e-05 1.7173051674e-06 -9.34913550736e-05 0.000387592881452 -5.33725324203e-06
-1.17376850994e-06 -3.53889226972e-05 -1.43302793276e-06 -5.33725324203e-06 0.000362480728654
-0.840784512391 -1.0705232446 -0.852768569033 0.112988095334 -2.17990850536
0.000341438426403 -2.21257838717e-08 4.61936251668e-05 -0.000123248930322 3.87579939343e-06
-2.21257838717e-08 5.64574656892e-06 1.58769388747e-08 -1.97472695618e-06 -5.01243739564e-05
4.61936251668e-05 1.58769388747e-08 3.09223287331e-05 -0.000121752353152 4.26732185588e-06
-0.000123248930322 -1.97472695618e-06 -0.000121752353152 0.000493904517498 -3.25999906181e-07
3.87579939343e-06 -5.01243739564e-05 4.26732185588e-06 -3.25999906181e-07 0.000447078520665
0.665405039699 -1.00842317937 -0.643627636065 0.114090399099 -2.40102191187
0.000103998208942 -1.81059398585e-08 1.32937293529e-05 -3.84831109841e-05 -6.37427319816e-07
-1.81059398585e-08 3.38121776622e-06 -3.07512380004e-08 1.08447648017e-06 -3.02907028527e-05
1.32937293529e-05 -3.07512380004e-08 1.34749370773e-05 -6.12283110968e-05 -1.34598815293e-06
-3.84831109841e-05 1.08447648017e-06 -6.12283110968e-05 0.000285742717097 -2.44450075115e-06
-6.37427319816e-07 -3.02907028527e-05 -1.34598815293e-06 -2.44450075115e-06 0.000273480720352
0.550150898008 1.08441331782 -0.625314423213 0.0812496728896 0.128762232423
0.0025950584095 -5.83965515943e-08 0.000387563166441 -0.00113108626101 2.46660165431e-05
-5.83965515943e-08 2.63328774963e-06 3.08711523012e-09 -8.28906649986e-07 -2.67237501248e-05
0.000387563166441 3.08711523012e-09 6.98711082805e-05 -0.000225908544962 5.09705614604e-06
-0.00113108626101 -8.28906649986e-07 -0.000225908544962 0.000765589589719 -9.16688168218e-06
2.46660165431e-05 -2.67237501248e-05 5.09705614604e-06 -9.16688168218e-06 0.000272908218903
0.943374608736 0.646548658875 -0.60346839501 0.118904137031 -3.59165141082
0.000107316926005 9.23817609078e-08 1.05781218736e-05 -3.71157511836e-05 1.82810810934e-09
9.23817609078e-08 5.13812983627e-06 9.40930817706e-08 -1.38081043133e-06 -3.30173716065e-05
1.05781218736e-05 9.40930817706e-08 9.31896101974e-06 -4.67805184599e-05 1.63524290997e-07
-3.71157511836e-05 -1.38081043133e-06 -4.67805184599e-05 0.000247198535362 5.41941699339e-06
1.82810810934e-09 -3.30173716065e-05 1.63524290997e-07 5.41941699339e-06 0.000220350499148
-1.83901903817 0.0435091226466 -0.672371495503 0.144158005648 -4.34682827106
9.91829292616e-05 2.08789838751e-08 6.89131138643e-06 -2.01233324333e-05 -1.93583957753e-07
2.08789838751e-08 1.54524987011e-05 -3.25494831088e-09 1.9183165989e-07 -7.68539612181e-05
6.89131138643e-06 -3.25494831088e-09 1.36084345286e-05 -6.37191042188e-05 -1.34436376698e-07
-2.01233324333e-05 1.9183165989e-07 -6.37191042188e-05 0.000301973544993 -2.96881239592e-07
-1.93583957753e-07 -7.68539612181e-05 -1.34436376698e-07 -2.96881239592e-07 0.000396439427277
-1.78766794287 0.553974056313 -0.672324289514 0.0781181477395 -3.79728402522
0.000150885767653 1.30290258582e-08 1.23156869449e-05 -3.58003599104e-05 -9.32068473958e-07
1.30290258582e-08 1.45494286699e-05 6.33012362528e-08 2.11766018765e-06 -8.07347751106e-05
1.23156869449e-05 6.33012362528e-08 2.09225454455e-05 -9.70953915385e-05 -3.25559949488e-06
-3.58003599104e-05 2.11766018765e-06 -9.70953915385e-05 0.000456112931715 1.87761793313e-06
-9.32068473958e-07 -8.07347751106e-05 -3.25559949488e-06 1.87761793313e-06 0.000450602528872
0.459116929431 -0.782997870857 -0.521749260314 0.113988399662 -3.17506314923
2.73757414107e-05 -3.38465278027e-09 2.87223565465e-06 -9.07082267076e-06 -7.32584410912e-08
-3.38465278027e-09 1.259116857e-06 -9.6250307724e-10 1.25225781744e-07 -8.74222223501e-06
2.87223565465e-06 -9.6250307724e-10 2.73982755061e-06 -1.28383744595e-05 -1.52641391082e-07
-9.07082267076e-06 1.25225781744e-07 -1.28383744595e-05 6.26270921202e-05 -1.54525764628e-07
-7.32584410912e-08 -8.74222223501e-06 -1.52641391082e-07 -1.54525764628e-07 6.28642155789e-05
-0.854849844292 -0.81303073745 -0.570919929743 0.182749429647 -3.2466251635
0.000185397511814 1.44635547983e-08 1.89685360965e-05 -5.58524807275e-05 1.01190869373e-06
1.44635547983e-08 4.16371631218e-06 1.72900573858e-08 -7.96690642346e-07 -2.87680704787e-05
1.89685360965e-05 1.72900573858e-08 1.06805882751e-05 -4.70594604849e-05 1.01099351468e-06
-5.58524807275e-05 -7.96690642346e-07 -4.70594604849e-05 0.000214495710679 4.18478549591e-07
1.01190869373e-06 -2.87680704787e-05 1.01099351468e-06 4.18478549591e-07 0.000201430520974
-0.725494800684 -1.06600183771 -0.364191998115 0.123246353035 -2.14618077223
0.000125696271425 -7.22213444604e-09 1.65752917383e-05 -4.3699881644e-05 1.22917015233e-06
-7.22213444604e-09 4.36530672232e-06 3.69914343601e-09 -1.18375260172e-06 -3.78687327611e-05
1.65752917383e-05 3.69914343601e-09 2.11646020034e-05 -8.53941965033e-05 2.70885743703e-06
-4.3699881644e-05 -1.18375260172e-06 -8.53941965033e-05 0.000351548107574 -1.19423668821e-06
1.22917015233e-06 -3.78687327611e-05 2.70885743703e-06 -1.19423668821e-06 0.000330765236868
-1.75583665582 0.188353397018 -0.36871259634 0.118344418247 0.350248458999
0.000714397639968 -4.68989824753e-09 5.17312619195e-05 -0.000161053292686 -1.83629367712e-06
-4.68989824753e-09 1.34758620334e-05 5.68295233094e-09 4.24547238254e-07 -6.0188533098e-05
5.17312619195e-05 5.68295233094e-09 1.80002043635e-05 -7.49197788537e-05 -7.92031698893e-07
-0.000161053292686 4.24547238254e-07 -7.49197788537e-05 0.000329900794895 1.57979616233e-06
-1.83629367712e-06 -6.0188533098e-05 -7.92031698893e-07 1.57979616233e-06 0.000279230589513
0.664175750535 -1.25117436638 -0.204596624572 0.101594629614 0.0829784966335
0.00229292083532 3.50237655766e-07 0.000469557882752 -0.00123084534425 -5.15258507221e-05
3.50237655766e-07 5.59030422664e-06 5.25010470653e-08 3.40332235282e-06 -7.34804925742e-05
0.000469557882752 5.25010470653e-08 0.000153117172886 -0.000487613171572 -2.1434514565e-05
-0.00123084534425 3.40332235282e-06 -0.000487613171572 0.00163856195286 2.63919937424e-05
-5.15258507221e-05 -7.34804925742e-05 -2.1434514565e-05 2.63919937424e-05 0.000969741609879
-0.4290951378 0.82807493898 -0.285597407101 0.115746593581 -3.06549988349
3.56670607289e-05 6.10701578196e-09 3.61573256669e-06 -1.06399838842e-05 -2.04216988209e-07
6.10701578196e-09 1.16602518574e-06 2.9097748655e-09 5.9721223522e-08 -7.57546558816e-06
3.61573256669e-06 2.9097748655e-09 2.86549084194e-06 -1.2009269085e-05 -2.01088568019e-07
-1.06399838842e-05 5.9721223522e-08 -1.2009269085e-05 5.28397977178e-05 4.61153518927e-07
-2.04216988209e-07 -7.57546558816e-06 -2.01088568019e-07 4.61153518927e-07 5.1358845667e-05
-0.744963404014 0.845468542363 -0.274537355658 0.118137248391 -2.92369806567
5.77808859816e-05 -2.40674835617e-09 5.5040359257e-06 -1.46564798342e-05 -2.5417540428e-07
-2.40674835617e-09 3.30428338202e-06 1.10544569054e-08 3.69404602907e-07 -2.09770823858e-05
5.5040359257e-06 1.10544569054e-08 7.97168831923e-06 -3.26774825226e-05 -7.60162095048e-07
-1.46564798342e-05 3.69404602907e-07 -3.26774825226e-05 0.000137040275149 5.52050323677e-07
-2.5417540428e-07 -2.09770823858e-05 -7.60162095048e-07 5.52050323677e-07 0.000135486479849
-1.84400289734 0.412058258817 -0.260469063004 0.113208006254 6.27731552247
0.000514834129717 6.97365587499e-09 3.69921617676e-05 -9.87863531918e-05 -1.58699958774e-06
6.97365587499e-09 1.39539542943e-05 -1.20802283732e-08 1.26427914893e-06 -6.30553477095e-05
3.69921617676e-05 -1.20802283732e-08 1.91926246771e-05 -7.57777670515e-05 -1.37539586831e-06
-9.87863531918e-05 1.26427914893e-06 -7.57777670515e-05 0.000306150235701 6.2317788263e-08
-1.58699958774e-06 -6.30553477095e-05 -1.37539586831e-06 6.2317788263e-08 0.000286692462396
0.945089866279 0.607143028761 -0.101575655276 0.107698540707 0.151715431467
6.46667904221e-05 -5.73850189589e-10 5.28802183908e-06 -1.44021578308e-05 1.99065411266e-07
-5.73850189589e-10 4.23013352702e-06 1.29815331817e-08 -3.95673538378e-07 -2.16965654545e-05
5.28802183908e-06 1.29815331817e-08 6.61263220536e-06 -2.70966156677e-05 3.75176654188e-07
-1.44021578308e-05 -3.95673538378e-07 -2.70966156677e-05 0.000113634276204 1.97075564756e-07
1.99065411266e-07 -2.16965654545e-05 3.75176654188e-07 1.97075564756e-07 0.000113553098345
-0.833017963287 0.0181630650938 -0.147630930574 0.106145710139 -4.49787680532
0.00308057572693 -7.11806436016e-08 0.000223565410124 -0.000641188235022 3.0811003171e-07
-7.11806436016e-08 3.78335448659e-06 -5.03705566146e-09 2.52821319435e-08 -1.90967675735e-05
0.000223565410124 -5.03705566146e-09 1.8952656319e-05 -5.82769062021e-05 1.9606090973e-08
-0.000641188235022 2.52821319435e-08 -5.82769062021e-05 0.000185913115274 -1.26807577772e-07
3.0811003171e-07 -1.90967675735e-05 1.9606090973e-08 -1.26807577772e-07 0.000109433938633
-0.485678066587 1.22961135453 -0.114992755615 0.0704080870469 -1.27414580052
0.000297253543977 1.06098049457e-07 5.94669072598e-05 -0.000159333125339 -5.4893239394e-06
1.06098049457e-07 2.68660983238e-06 1.0539504558e-07 6.84730480316e-07 -3.31903647748e-05
5.94669072598e-05 1.0539504558e-07 3.58575671271e-05 -0.000130993197672 -5.31113573743e-06
-0.000159333125339 6.84730480316e-07 -0.000130993197672 0.000497047381941 6.80532730257e-06
-5.4893239394e-06 -3.31903647748e-05 -5.31113573743e-06 6.80532730257e-06 0.000411244574934
0.76375060876 0.143631484979 0.00554569902953 0.0939578969168 -4.44585987794
3.10999530484e-05 -1.14350832803e-07 2.12619761442e-06 -6.37332732367e-06 7.96918413926e-07
-1.14350832803e-07 3.90722789234e-06 -8.25385815251e-10 -1.12303943922e-07 -2.1580097382e-05
2.12619761442e-06 -8.25385815251e-10 2.81497250398e-06 -1.36799253596e-05 4.7167485917e-08
-6.37332732367e-06 -1.12303943922e-07 -1.36799253596e-05 6.93013280397e-05 5.25998984813e-07
7.96918413926e-07 -2.1580097382e-05 4.7167485917e-08 5.25998984813e-07 0.00012706151756
0.856856124798 0.913647170466 0.0567222728417 0.0102028110989 -2.87134315033
0.000102007077658 1.59596709182e-08 1.10102437247e-05 -3.0917712138e-05 5.44235547295e-07
1.59596709182e-08 4.80169865114e-06 4.73549945923e-08 -1.35950301683e-06 -3.65358318959e-05
1.10102437247e-05 4.73549945923e-08 1.3979061805e-05 -6.28368507023e-05 1.38731206789e-06
-3.0917712138e-05 -1.35950301683e-06 -6.28368507023e-05 0.000288257171633 2.60806996266e-06
5.44235547295e-07 -3.65358318959e-05 1.38731206789e-06 2.60806996266e-06 0.000280066335108
-1.00800766492 -1.03686982416 -0.0510862094395 0.0841242572907 -3.24665536085
0.0002369103604 -2.19671747459e-08 3.09282659146e-05 -8.65402689669e-05 3.32965123562e-06
-2.19671747459e-08 7.61783758207e-06 -3.01498048749e-09 -3.08270705318e-06 -6.92072571837e-05
3.09282659146e-05 -3.01498048749e-09 3.37245219271e-05 -0.000148794249981 6.74903276376e-06
-8.65402689669e-05 -3.08270705318e-06 -0.000148794249981 0.000671716465149 -2.60790079665e-06
3.32965123562e-06 -6.92072571837e-05 6.74903276376e-06 -2.60790079665e-06 0.000631904462352
0.548440260348 1.10126756543 0.184301517587 -0.0380946939346 -1.45517888308
4.36986083514e-05 3.99432131815e-09 6.32572209724e-06 -1.74952292582e-05 3.45114358424e-07
3.99432131815e-09 2.60140586761e-06 2.20045919264e-08 -8.5104346681e-07 -2.62074645434e-05
6.32572209724e-06 2.20045919264e-08 1.36811131597e-05 -6.08258887951e-05 1.46512411447e-06
-1.74952292582e-05 -8.5104346681e-07 -6.08258887951e-05 0.000274781457847 1.01659338725e-06
3.45114358424e-07 -2.62074645434e-05 1.46512411447e-06 1.01659338725e-06 0.000265388225671
0.774833037737 -0.170448661686 0.207657888715 0.0694860510204 -4.25908541667
3.84360355383e-05 1.18278931094e-09 2.90847447104e-06 -9.21635182749e-06 -6.49853078016e-08
1.18278931094e-09 3.3896531022e-06 8.11576750248e-10 6.4565796265e-08 -1.79655889951e-05
2.90847447104e-06 8.11576750248e-10 2.90564207717e-06 -1.34175552375e-05 -6.46478852673e-08
-9.21635182749e-06 6.4565796265e-08 -1.34175552375e-05 6.39389909338e-05 -9.26447185634e-08
-6.49853078016e-08 -1.79655889951e-05 -6.46478852673e-08 -9.26447185634e-08 0.000103132377262
-0.561761848629 0.17944994669 0.213965771912 0.0763298798482 -4.27068463166
1.50110672621e-05 -2.60229633398e-08 1.60644310654e-06 -7.91315869719e-06 1.70436379676e-07
-2.60229633398e-08 1.98581551558e-06 -5.87647441819e-09 7.05724261252e-08 -1.12398893179e-05
1.60644310654e-06 -5.87647441819e-09 2.1003488655e-06 -1.2025561773e-05 4.69506389322e-09
-7.91315869719e-06 7.05724261252e-08 -1.2025561773e-05 7.70137194195e-05 -2.55562753182e-07
1.70436379676e-07 -1.12398893179e-05 4.69506389322e-09 -2.55562753182e-07 7.10046952008e-05
-0.235900314252 1.31884731039 0.385462959868 0.0795366897299 -1.03888781761
3.13571217703e-05 5.15462428297e-09 7.91414549894e-06 -2.03191339097e-05 -4.4372143293e-07
5.15462428297e-09 9.26924826672e-07 1.43774636641e-08 2.52152403846e-07 -1.49780962602e-05
7.91414549894e-06 1.43774636641e-08 1.68792321347e-05 -6.53689712635e-05 -1.64091557053e-06
-2.03191339097e-05 2.52152403846e-07 -6.53689712635e-05 0.000258415471762 1.64447283169e-06
-4.4372143293e-07 -1.49780962602e-05 -1.64091557053e-06 1.64447283169e-06 0.000242580994382
0.714100486483 1.12016012713 0.715340412481 -0.00851953934685 -2.0455367117
0.00314328982495 -4.6215598104e-07 0.000476612854982 -0.00125726219267 4.03120866395e-05
-4.6215598104e-07 4.56487123301e-06 -6.66869368615e-08 -1.27292480556e-06 -4.25300968345e-05
0.000476612854982 -6.66869368615e-08 9.6342046163e-05 -0.000288329843897 9.47694479692e-06
-0.00125726219267 -1.27292480556e-06 -0.000288329843897 0.000900986604393 -1.64517023222e-05
4.03120866395e-05 -4.25300968345e-05 9.47694479692e-06 -1.64517023222e-05 0.000398427364416
1.64157839532 -0.628714164456 0.988147085773 0.00128044182065 -3.54569034368
0.000428556435509 -2.58273953335e-08 3.32178969984e-05 -8.91634917934e-05 -2.03707463697e-06
-2.58273953335e-08 1.36587095767e-05 -4.17534309349e-08 2.54258293353e-06 -7.6300035289e-05
3.32178969984e-05 -4.17534309349e-08 2.33446990023e-05 -0.000100499470136 -2.85232613351e-06
-8.91634917934e-05 2.54258293353e-06 -0.000100499470136 0.000442847434897 -6.76373190345e-07
-2.03707463697e-06 -7.6300035289e-05 -2.85232613351e-06 -6.76373190345e-07 0.000430116226198
1.03549742589 -1.09285606068 1.06396353517 -0.0319644788155 -1.97160000127
0.000193377272808 1.59047512938e-08 2.726495768e-05 -7.41550684324e-05 -3.16362843478e-06
1.59047512938e-08 9.24870164454e-06 -3.4068559529e-08 4.80284870719e-06 -9.03812324395e-05
2.726495768e-05 -3.4068559529e-08 4.71273269795e-05 -0.000205134434509 -1.01606046883e-05
-7.41550684324e-05 4.80284870719e-06 -0.000205134434509 0.000907655456103 -4.34920934822e-07
-3.16362843478e-06 -9.03812324395e-05 -1.01606046883e-05 -4.34920934822e-07 0.000887119735125
0.418511969198 -1.18173412114 1.05734969033 -0.00234313071912 -1.59107584538
9.301063983e-05 -5.66028184323e-08 1.36765256684e-05 -3.30696821038e-05 9.56876746727e-08
-5.66028184323e-08 2.57432270701e-06 -2.4470695692e-08 9.16717908694e-07 -2.78589595837e-05
1.36765256684e-05 -2.4470695692e-08 2.17072411033e-05 -8.57277409523e-05 -1.46632930864e-06
-3.30696821038e-05 9.16717908694e-07 -8.57277409523e-05 0.000345286855008 -3.07239770336e-06
9.56876746727e-08 -2.78589595837e-05 -1.46632930864e-06 -3.07239770336e-06 0.000302396423649
0.255710024397 -1.1245282679 1.12391306156 -0.0211997264264 0.294889261787
1.45964149851e-05 1.92762850126e-09 2.21504797082e-06 -5.98794349571e-06 -4.94255125716e-08
1.92762850126e-09 6.14105488239e-07 -7.33333838099e-09 1.24353306319e-07 -5.81832591706e-06
2.21504797082e-06 -7.33333838099e-09 3.66226504411e-06 -1.45852836795e-05 -6.60009789044e-08
-5.98794349571e-06 1.24353306319e-07 -1.45852836795e-05 6.02415129833e-05 -7.86577913914e-07
-4.94255125716e-08 -5.81832591706e-06 -6.60009789044e-08 -7.86577913914e-07 5.6388827943e-05
0.653578795834 -0.485701143919 1.15692843162 -0.0320099522639 -3.77066502843
0.00359076634049 1.34678643349e-07 0.000279991480056 -0.000769932346884 -5.51089215151e-06
1.34678643349e-07 2.03527156373e-06 1.91166926733e-09 1.19766156104e-07 -9.88160991255e-06
0.000279991480056 1.91166926733e-09 2.43987033173e-05 -7.10033928044e-05 -4.58430918115e-07
-0.000769932346884 1.19766156104e-07 -7.10033928044e-05 0.000214583356865 6.48802995329e-07
-5.51089215151e-06 -9.88160991255e-06 -4.58430918115e-07 6.48802995329e-07 5.11055295647e-05
-0.569525913756 -0.108273282443 1.18422757149 -0.0356361873583 -4.43641193938
2.60565739154e-05 1.04399680012e-08 2.04545381166e-06 -6.41221731712e-06 -6.53791403238e-08
1.04399680012e-08 1.94483982341e-06 3.02582336964e-09 -3.41259713821e-08 -9.91960951069e-06
2.04545381166e-06 3.02582336964e-09 1.59049966442e-06 -6.57143800709e-06 -8.23196533162e-09
-6.41221731712e-06 -3.41259713821e-08 -6.57143800709e-06 2.885196227e-05 1.80765098889e-07
-6.53791403238e-08 -9.91960951069e-06 -8.23196533162e-09 1.80765098889e-07 5.96777354076e-05
-1.3248139474 -0.922593561923 1.12348269211 -0.0218603349658 -2.60872115311
0.000517585140187 -1.00216986709e-07 5.5377404351e-05 -0.00014329716214 5.37656569577e-06
-1.00216986709e-07 1.10983901322e-05 -3.84553686672e-08 -2.78903985418e-06 -7.31487234589e-05
5.5377404351e-05 -3.84553686672e-08 3.61531929229e-05 -0.000135736627271 5.57420253244e-06
-0.00014329716214 -2.78903985418e-06 -0.000135736627271 0.000521982787177 -2.10507187148e-06
5.37656569577e-06 -7.31487234589e-05 5.57420253244e-06 -2.10507187148e-06 0.000484915450215
1.15882480087 -0.224404067714 1.29475008198 -0.0435632782633 -4.3403775869
7.78455505497e-05 4.00344424278e-09 4.92842855238e-06 -1.26367003759e-05 -7.78618201025e-08
4.00344424278e-09 5.18232991453e-06 -8.29358581811e-10 1.34958810349e-07 -2.14350511669e-05
4.92842855238e-06 -8.29358581811e-10 5.81167114433e-06 -2.32670863625e-05 -1.43179804013e-07
-1.26367003759e-05 1.34958810349e-07 -2.32670863625e-05 9.5815907116e-05 5.06085910956e-08
-7.78618201025e-08 -2.14350511669e-05 -1.43179804013e-07 5.06085910956e-08 8.98581856745e-05
0.409775725364 0.288995599277 1.36436748599 -0.0518703297096 0.388313596349
2.83983263216e-05 1.03668526208e-07 2.58796990238e-06 -9.25605036173e-06 -6.20877187885e-07
1.03668526208e-07 1.14966769615e-06 1.14305294119e-08 -6.22524893856e-08 -6.00651628702e-06
2.58796990238e-06 1.14305294119e-08 1.14827219022e-06 -4.91771425004e-06 -4.62172771165e-08
-9.25605036173e-06 -6.22524893856e-08 -4.91771425004e-06 2.26059819397e-05 2.67710390744e-07
-6.20877187885e-07 -6.00651628702e-06 -4.62172771165e-08 2.67710390744e-07 3.62166429113e-05
-0.852355261721 -1.086993118 1.30402397199 -0.0584499828083 0.171896646178
0.000139817042509 1.02521138245e-08 1.83699103218e-05 -4.65428347525e-05 1.23757524761e-06
1.02521138245e-08 5.67730785406e-06 7.4204763223e-08 -2.20541937779e-06 -4.88328842039e-05
1.83699103218e-05 7.4204763223e-08 3.02572043438e-05 -0.000118302756164 3.57319913746e-06
-4.65428347525e-05 -2.20541937779e-06 -0.000118302756164 0.000471947569167 2.63209585682e-06
1.23757524761e-06 -4.88328842039e-05 3.57319913746e-06 2.63209585682e-06 0.000422019540565
-0.737393452461 -1.21772715906 1.40703202029 -0.0552888081359 -1.43959058881
0.000323601067066 -3.44675044062e-08 6.3355997554e-05 -0.000176729532541 7.7268023233e-06
-3.44675044062e-08 6.14379086983e-06 7.35096392646e-08 -4.39483665104e-06 -7.92965001892e-05
6.3355997554e-05 7.35096392646e-08 6.43688399578e-05 -0.00026696518762 1.24129792312e-05
-0.000176729532541 -4.39483665104e-06 -0.00026696518762 0.00113983824849 -7.65678180414e-07
7.7268023233e-06 -7.92965001892e-05 1.24129792312e-05 -7.65678180414e-07 0.00102730223443
1.36938738849 -0.895384196439 1.59986817844 -0.127317010284 -2.69197153583
0.000555041362531 8.11325264749e-08 5.95908786636e-05 -0.000165434568771 -6.31589955447e-06
8.11325264749e-08 1.16351266115e-05 4.39437215505e-08 3.47734999195e-06 -8.29166965559e-05
5.95908786636e-05 4.39437215505e-08 3.58677461918e-05 -0.000149237181176 -6.63788750899e-06
-0.000165434568771 3.47734999195e-06 -0.000149237181176 0.00063906860305 2.26295310313e-06
-6.31589955447e-06 -8.29166965559e-05 -6.63788750899e-06 2.26295310313e-06 0.000594130600803
0.608043859402 0.26571575303 1.63893294396 -0.075626698408 -4.34510062518
5.83919645578e-05 7.30157054818e-08 4.03418925998e-06 -1.18115021905e-05 -5.26889152752e-07
7.30157054818e-08 2.02979003916e-06 3.78715769855e-09 -5.28358796714e-08 -9.918268006e-06
4.03418925998e-06 3.78715769855e-09 1.97397775992e-06 -7.93624440121e-06 8.28387403118e-09
-1.18115021905e-05 -5.28358796714e-08 -7.93624440121e-06 3.36588673235e-05 1.6380266743e-07
-5.26889152752e-07 -9.918268006e-06 8.28387403118e-09 1.6380266743e-07 5.44880167581e-05
1.55083635034 -0.54966538494 1.72425651043 -0.0807733099309 -3.78029112289
0.00878730881959 1.11632175503e-06 0.000653787574265 -0.00168448581826 -3.61267921107e-05
1.11632175503e-06 1.0911669051e-05 8.59268638465e-08 8.8982409352e-07 -5.15481697221e-05
0.000653787574265 8.59268638465e-08 6.33938252577e-05 -0.00018461466243 -4.02875139116e-06
-0.00168448581826 8.8982409352e-07 -0.00018461466243 0.000562710280064 7.08457446308e-06
-3.61267921107e-05 -5.15481697221e-05 -4.02875139116e-06 7.08457446308e-06 0.000245869596256
0.915785716191 0.353873180089 1.77212500786 -0.0762626585727 0.187322856407
5.23874696228e-05 -4.78501949175e-09 3.59337968803e-06 -9.60009947448e-06 1.04527472899e-07
-4.78501949175e-09 3.82411008104e-06 -5.67686342379e-09 -1.15903375786e-07 -1.7783129806e-05
3.59337968803e-06 -5.67686342379e-09 4.17257979279e-06 -1.67767520907e-05 1.87693487419e-07
-9.60009947448e-06 -1.15903375786e-07 -1.67767520907e-05 6.9105590228e-05 -9.38898025993e-08
1.04527472899e-07 -1.7783129806e-05 1.87693487419e-07 -9.38898025993e-08 8.82205786183e-05
-0.593144918059 -0.931101036821 1.75078797916 -0.0755229322808 0.348830984722
9.42091864999e-05 4.24609716276e-08 1.06732959466e-05 -2.9840375646e-05 -6.8661996977e-08
4.24609716276e-08 2.43195950134e-06 5.24323588991e-08 -7.04132787632e-07 -1.69590693986e-05
1.06732959466e-05 5.24323588991e-08 8.1223433881e-06 -3.28199821524e-05 -2.89489783256e-08
-2.9840375646e-05 -7.04132787632e-07 -3.28199821524e-05 0.000139685420436 4.34459434473e-06
-6.8661996977e-08 -1.69590693986e-05 -2.89489783256e-08 4.34459434473e-06 0.000120933720609
1.83025209589 -0.599768366644 1.90143918673 -0.0839662242361 0.288360505374
0.000864002562594 -6.46537117177e-08 7.0882277214e-05 -0.000200494861929 -4.80176504425e-06
-6.46537117177e-08 1.57376653078e-05 -2.12110649045e-08 2.97622977996e-06 -8.67093112902e-05
7.0882277214e-05 -2.12110649045e-08 2.86043887172e-05 -0.000120455915749 -3.65830760529e-06
-0.000200494861929 2.97622977996e-06 -0.000120455915749 0.00052420492284 -6.16190760638e-08
-4.80176504425e-06 -8.67093112902e-05 -3.65830760529e-06 -6.16190760638e-08 0.000480594084365
0.802613017948 0.79221887827 1.89792324575 -0.0949114436797 -3.19792424465
0.000138297909871 2.39284378978e-08 1.35298005262e-05 -3.92902074964e-05 5.14810324148e-07
2.39284378978e-08 3.60956528311e-06 4.70159289279e-09 -5.63414971566e-07 -2.37873846345e-05
1.35298005262e-05 4.70159289279e-09 8.56037695485e-06 -3.73070179194e-05 7.29547878109e-07
-3.92902074964e-05 -5.63414971566e-07 -3.73070179194e-05 0.00016844025231 4.24539507549e-07
5.14810324148e-07 -2.37873846345e-05 7.29547878109e-07 4.24539507549e-07 0.000159504561452
-0.172697198634 -1.12706976748 1.85069202903 -0.0969704391483 0.246112237436
6.70713916406e-06 -6.07407957265e-10 1.25989413391e-06 -4.17924684371e-06 6.27502387829e-08
-6.07407957265e-10 3.1501082276e-07 2.73878519863e-09 -4.17491641258e-08 -3.48115872839e-06
1.25989413391e-06 2.73878519863e-09 1.94262747755e-06 -8.91775107448e-06 7.85583864626e-08
-4.17924684371e-06 -4.17491641258e-08 -8.91775107448e-06 4.26362021244e-05 -7.49006474621e-08
6.27502387829e-08 -3.48115872839e-06 7.85583864626e-08 -7.49006474621e-08 3.96334762627e-05
0.807223354837 -1.17612379459 1.99166560119 -0.138500245459 -1.6782950923
0.000239009343204 3.67602517315e-08 4.05753380619e-05 -0.000110813045467 -4.77212188343e-06
3.67602517315e-08 6.71994303048e-06 2.41793074451e-08 3.84718532587e-06 -7.87118842709e-05
4.05753380619e-05 2.41793074451e-08 5.21034016856e-05 -0.000222711692913 -1.12219613584e-05
-0.000110813045467 3.84718532587e-06 -0.000222711692913 0.000974576745648 2.97279802908e-06
-4.77212188343e-06 -7.87118842709e-05 -1.12219613584e-05 2.97279802908e-06 0.000925317290239
0.894561604525 -1.14933987652 2.01580212108 -0.134495058531 -1.80652968036
0.000284318550257 2.50086849007e-08 4.55855042674e-05 -0.000125150269014 -5.3580893109e-06
2.50086849007e-08 7.40102905183e-06 -3.12592298712e-08 4.36101981904e-06 -8.15473613329e-05
4.55855042674e-05 -3.12592298712e-08 5.22016234754e-05 -0.000222940405365 -1.09514721771e-05
-0.000125150269014 4.36101981904e-06 -0.000222940405365 0.000976219947916 1.62808453297e-06
-5.3580893109e-06 -8.15473613329e-05 -1.09514721771e-05 1.62808453297e-06 0.000902136380319
1.39279226945 0.48911089956 2.00734756932 -0.113048853119 -3.25307227521
0.000285095709842 1.17710341474e-09 2.12131635635e-05 -5.91586904193e-05 9.32760769956e-07
1.17710341474e-09 8.72498640092e-06 8.57126192244e-09 -9.38719381338e-07 -4.57261157862e-05
2.12131635635e-05 8.57126192244e-09 1.23001700558e-05 -5.35081089765e-05 9.97061420094e-07
-5.91586904193e-05 -9.38719381338e-07 -5.35081089765e-05 0.000238913344219 3.31995067882e-07
9.32760769956e-07 -4.57261157862e-05 9.97061420094e-07 3.31995067882e-07 0.000243026748649
-0.662602280301 -1.06211988178 1.91368341957 -0.0818618334091 0.281748300249
0.000307714333758 4.85936730854e-08 4.19350872107e-05 -0.000117518087791 2.36652022068e-06
4.85936730854e-08 3.5633358948e-06 2.94845303728e-08 -1.18853245112e-06 -3.32447089022e-05
4.19350872107e-05 2.94845303728e-08 2.08440233109e-05 -8.52392549859e-05 2.20604010792e-06
-0.000117518087791 -1.18853245112e-06 -8.52392549859e-05 0.000364438543329 5.12358496962e-07
2.36652022068e-06 -3.32447089022e-05 2.20604010792e-06 5.12358496962e-07 0.000311884476105
1.08122802981 1.06662642996 2.09039212408 -0.0824748254439 -2.13911945481
0.000286607828457 -4.20726067318e-08 3.88378757634e-05 -0.000106745850644 4.68875987281e-06
-4.20726067318e-08 9.34578292799e-06 -6.99361564216e-08 -4.18655963585e-06 -8.8078842964e-05
3.88378757634e-05 -6.99361564216e-08 4.51496453024e-05 -0.000196168432012 1.057530244e-05
-0.000106745850644 -4.18655963585e-06 -0.000196168432012 0.00087099528173 -4.74940952699e-06
4.68875987281e-06 -8.8078842964e-05 1.057530244e-05 -4.74940952699e-06 0.000833738129586
0.190041192577 -1.31890693098 2.06099459733 -0.121444008988 0.156451328014
2.068831418e-05 4.43753089829e-10 5.51316998099e-06 -1.53467426571e-05 -2.50587135042e-07
4.43753089829e-10 5.91501077452e-07 -3.62532714959e-09 2.13013080952e-07 -1.08151816676e-05
