0.0761278653482 0.0963642594309 0.109175117452
0.00170565582812 0.0 0.0
0.0 0.00146069808397 0.0
0.0 0.0 3.95674538612
1.0
189
-0.443989096524 -0.749444713658 -3.13736367225 0.0216940190466 1.46233520691
1.90779956029e-05 -9.60847668097e-09 1.99239457288e-06 -6.7097930696e-06 1.93630270928e-07
-9.60847668097e-09 1.23713971334e-06 -1.34758595394e-08 -1.20339844756e-08 -8.68093229656e-06
1.99239457288e-06 -1.34758595394e-08 2.45381147579e-06 -1.217294448e-05 2.93381333449e-07
-6.7097930696e-06 -1.20339844756e-08 -1.217294448e-05 6.27761037322e-05 -1.02767853605e-06
1.93630270928e-07 -8.68093229656e-06 2.93381333449e-07 -1.02767853605e-06 6.30933936918e-05
-1.03229137294 0.383449426388 -3.13289308521 -0.104807670014 4.76379607666
0.000163249700563 -7.36590877182e-08 1.12733114292e-05 -3.17793783324e-05 1.45050293554e-07
-7.36590877182e-08 8.09740413388e-06 -5.43049729629e-08 7.42161944345e-07 -3.9582773752e-05
1.12733114292e-05 -5.43049729629e-08 9.76414139586e-06 -4.29330648331e-05 -9.45669853536e-08
-3.17793783324e-05 7.42161944345e-07 -4.29330648331e-05 0.000193571744603 -2.18714149014e-06
1.45050293554e-07 -3.9582773752e-05 -9.45669853536e-08 -2.18714149014e-06 0.000197316418053
0.962225813263 0.0594035946135 -3.00911116468 -0.0894475525919 0.614555900336
4.09907224821e-05 6.26299723194e-08 3.25903806697e-06 -1.11643157652e-05 -3.90846707887e-07
6.26299723194e-08 5.42295492778e-06 1.09051452313e-08 -1.0307583409e-07 -2.92940585496e-05
3.25903806697e-06 1.09051452313e-08 4.25476719101e-06 -2.11514634429e-05 -2.56136534205e-08
-1.11643157652e-05 -1.0307583409e-07 -2.11514634429e-05 0.00010855239816 4.19794560003e-07
-3.90846707887e-07 -2.92940585496e-05 -2.56136534205e-08 4.19794560003e-07 0.000168926082551
-1.21223053426 -0.912655141724 -3.08849429922 -0.129308974833 0.311838072486
0.000493895611726 -7.10058287723e-08 5.52305755264e-05 -0.000159688381245 5.96682002652e-06
-7.10058287723e-08 9.09638947633e-06 -3.64383296869e-08 -2.95642212222e-06 -7.17544680811e-05
5.52305755264e-05 -3.64383296869e-08 3.03320248349e-05 -0.000134400936076 5.9544895521e-06
-0.000159688381245 -2.95642212222e-06 -0.000134400936076 0.000616617209744 -2.82723613054e-06
5.96682002652e-06 -7.17544680811e-05 5.9544895521e-06 -2.82723613054e-06 0.000569160154555
-0.36469840283 -1.03305438184 -3.00913072217 -0.071234046498 1.17275883255
0.00120960921049 8.57182911318e-08 0.00017326347006 -0.00053198664682 6.77975685903e-06
8.57182911318e-08 1.0929641121e-06 1.64854423446e-08 -2.40870576818e-07 -1.05110593722e-05
0.00017326347006 1.64854423446e-08 2.89459221676e-05 -9.65414365055e-05 1.28896942897e-06
-0.00053198664682 -2.40870576818e-07 -9.65414365055e-05 0.000335770571837 -2.78546917798e-06
6.77975685903e-06 -1.05110593722e-05 1.28896942897e-06 -2.78546917798e-06 0.000102739664726
-0.700198452595 -0.460288889709 -2.70709441389 -0.050774268299 -3.01688515862
4.68438265671e-05 -4.10378363236e-11 3.56459463546e-06 -1.04929667941e-05 4.65395189053e-08
-4.10378363236e-11 2.99170505969e-06 -8.17921286256e-09 -1.49091363255e-07 -1.79967046279e-05
3.56459463546e-06 -8.17921286256e-09 2.98415511679e-06 -1.3082044461e-05 1.80634842195e-07
-1.04929667941e-05 -1.49091363255e-07 -1.3082044461e-05 5.95220190007e-05 4.26649677365e-07
4.65395189053e-08 -1.79967046279e-05 1.80634842195e-07 4.26649677365e-07 0.000117320996651
0.3499861645 -0.695296322707 -2.32382942368 -0.00959912470846 2.94339673993
2.06823333428e-05 -6.46411457694e-09 2.25104258789e-06 -8.46587590786e-06 -6.69361597261e-08
-6.46411457694e-09 7.49311993786e-07 -5.56809442998e-09 9.28568226755e-08 -5.19282184541e-06
2.25104258789e-06 -5.56809442998e-09 1.47720606947e-06 -7.4165704973e-06 -1.23929027041e-08
-8.46587590786e-06 9.28568226755e-08 -7.4165704973e-06 3.94430717279e-05 -4.61378675709e-07
-6.69361597261e-08 -5.19282184541e-06 -1.23929027041e-08 -4.61378675709e-07 3.80349410989e-05
1.26077441918 -0.183976396305 -1.94805561012 0.0261301897851 2.36038078599
0.000227141586947 -4.70299088562e-09 1.60789841175e-05 -4.64235017716e-05 -1.91846439179e-07
-4.70299088562e-09 6.95514017934e-06 -1.30757382699e-09 2.30711918903e-07 -3.34358373948e-05
1.60789841175e-05 -1.30757382699e-09 7.49774881115e-06 -3.16709410981e-05 -1.83236039675e-07
-4.64235017716e-05 2.30711918903e-07 -3.16709410981e-05 0.000138533345307 -4.23297677798e-07
-1.91846439179e-07 -3.34358373948e-05 -1.83236039675e-07 -4.23297677798e-07 0.000170811719727
-0.865467865679 -0.29299299261 -1.97778715123 0.0441521353957 -4.57191068623
0.00392849603668 -2.72001955182e-07 0.000321611762047 -0.000970637134742 7.13941744834e-06
-2.72001955182e-07 3.45206444763e-06 -2.31626575697e-08 -5.10940587617e-08 -1.70591883943e-05
0.000321611762047 -2.31626575697e-08 2.97373535432e-05 -9.47029329836e-05 7.0572855293e-07
-0.000970637134742 -5.10940587617e-08 -9.47029329836e-05 0.000309784925776 -1.6155428284e-06
7.13941744834e-06 -1.70591883943e-05 7.0572855293e-07 -1.6155428284e-06 9.23403422348e-05
0.202184518494 -1.25642399053 -1.84437214188 0.030414251449 -1.30351293274
1.18967500384e-05 -4.39039582467e-10 2.62179491983e-06 -7.34903187549e-06 -9.27796861561e-08
-4.39039582467e-10 5.24168740412e-07 -2.45700149115e-09 1.21997629776e-07 -7.4256249718e-06
2.62179491983e-06 -2.45700149115e-09 6.19107777311e-06 -2.63450547209e-05 -3.92979131902e-07
-7.34903187549e-06 1.21997629776e-07 -2.63450547209e-05 0.000114644193673 1.78312774324e-07
-9.27796861561e-08 -7.4256249718e-06 -3.92979131902e-07 1.78312774324e-07 0.000105961815279
-0.554535637602 0.999996051535 -1.81963515234 0.0300152738188 -1.91137220768
9.60393590503e-05 -2.23543228373e-08 1.20006288853e-05 -3.42461644323e-05 -3.04068862533e-07
-2.23543228373e-08 2.25241615226e-06 -2.76232174912e-08 6.03088608386e-07 -1.85680946743e-05
1.20006288853e-05 -2.76232174912e-08 9.34946729103e-06 -3.97121184506e-05 -5.0303918897e-07
-3.42461644323e-05 6.03088608386e-07 -3.97121184506e-05 0.000175264111022 -2.09497375181e-06
-3.04068862533e-07 -1.85680946743e-05 -5.0303918897e-07 -2.09497375181e-06 0.000154793728143
0.268207092261 -1.2624499229 -1.73712552645 0.0611134787852 1.08517376245
6.28967245575e-05 7.14145471647e-08 1.34327874548e-05 -3.75282616005e-05 -1.80936217475e-06
7.14145471647e-08 1.38212055845e-06 1.31971503947e-07 -2.69890364279e-07 -2.05650067073e-05
1.34327874548e-05 1.31971503947e-07 2.08497258427e-05 -9.03737309272e-05 -4.22258244726e-06
-3.75282616005e-05 -2.69890364279e-07 -9.03737309272e-05 0.000401555444114 1.41635591717e-05
-1.80936217475e-06 -2.05650067073e-05 -4.22258244726e-06 1.41635591717e-05 0.000307099864585
1.49124814787 0.466387949063 -1.66648983687 0.0560699657393 3.5512499954
0.000202510127565 6.02721996756e-08 1.5732650354e-05 -4.67452700832e-05 3.94348631971e-07
6.02721996756e-08 9.84059624898e-06 3.66064334401e-08 -1.38491736834e-06 -5.37821506441e-05
1.5732650354e-05 3.66064334401e-08 1.34574702315e-05 -6.39253848931e-05 1.04907951481e-06
-4.67452700832e-05 -1.38491736834e-06 -6.39253848931e-05 0.000310857896693 1.70446287484e-06
3.94348631971e-07 -5.37821506441e-05 1.04907951481e-06 1.70446287484e-06 0.000295854406431
-0.841583105951 1.07621373377 -1.78921617149 0.0360726828219 -1.71993464299
0.000131855194923 -1.038113151e-09 1.91463441297e-05 -5.58243555133e-05 -1.91473645828e-06
-1.038113151e-09 5.71743839828e-06 -1.30355644501e-07 3.16046543958e-06 -5.86690875934e-05
1.91463441297e-05 -1.30355644501e-07 2.879873864e-05 -0.000135169466375 -4.56687394035e-06
-5.58243555133e-05 3.16046543958e-06 -0.000135169466375 0.00064697972266 -3.95076267523e-06
-1.91473645828e-06 -5.86690875934e-05 -4.56687394035e-06 -3.95076267523e-06 0.000604652625043
-0.268256940725 1.23239995936 -1.40578664105 0.0997849341502 0.840771020771
0.000719492032658 1.35601084139e-07 0.000159631686984 -0.000486805860419 -1.1119894225e-05
1.35601084139e-07 8.75076409557e-07 3.61334215881e-08 1.26510116161e-07 -1.27637158585e-05
0.000159631686984 3.61334215881e-08 4.3510364776e-05 -0.00014745167573 -3.46775391336e-06
-0.000486805860419 1.26510116161e-07 -0.00014745167573 0.000523361144587 9.0282792371e-06
-1.1119894225e-05 -1.27637158585e-05 -3.46775391336e-06 9.0282792371e-06 0.000187292636838
1.12001507323 0.502816088657 -1.30666399839 0.112539303675 0.556955811131
0.000118361436762 2.49763125737e-08 9.76041246759e-06 -2.99177445413e-05 2.35880676769e-07
2.49763125737e-08 5.57311750526e-06 2.74024340996e-08 -7.17207228718e-07 -3.09631868731e-05
9.76041246759e-06 2.74024340996e-08 8.09685934655e-06 -3.82294638257e-05 4.46750703986e-07
-2.99177445413e-05 -7.17207228718e-07 -3.82294638257e-05 0.000185555050848 1.25460167055e-06
2.35880676769e-07 -3.09631868731e-05 4.46750703986e-07 1.25460167055e-06 0.000173943844857
0.534631644503 -0.797990418009 -1.16036007477 0.11038811415 -2.37144775413
3.75035197067e-05 6.37256736269e-09 3.90954892282e-06 -1.20851827887e-05 -2.01264100497e-07
6.37256736269e-09 1.76047547029e-06 2.79700651529e-10 1.87941679997e-07 -1.2519599295e-05
3.90954892282e-06 2.79700651529e-10 3.9655051296e-06 -1.88655212696e-05 -3.13635382554e-07
-1.20851827887e-05 1.87941679997e-07 -1.88655212696e-05 9.28693261812e-05 1.92359806306e-07
-2.01264100497e-07 -1.2519599295e-05 -3.13635382554e-07 1.92359806306e-07 9.11232928047e-05
-0.745026379815 0.447173538638 -1.14030815171 0.0983596968127 2.21364311808
4.52157473774e-05 -1.47263818917e-08 3.75098056793e-06 -1.22981155073e-05 -3.56090690268e-09
-1.47263818917e-08 2.75435354524e-06 -1.76716810074e-08 2.86682791284e-07 -1.57145987032e-05
3.75098056793e-06 -1.76716810074e-08 3.58844818038e-06 -1.75490640686e-05 -5.41183986513e-08
-1.22981155073e-05 2.86682791284e-07 -1.75490640686e-05 8.90415030881e-05 -9.82922301773e-07
-3.56090690268e-09 -1.57145987032e-05 -5.41183986513e-08 -9.82922301773e-07 9.27125438466e-05
-1.04168814343 -0.754719032315 -1.08804129821 0.0973872074926 2.84227521638
9.85173828667e-05 2.63342081475e-09 8.7020898718e-06 -2.37566364376e-05 5.31691171091e-07
2.63342081475e-09 5.91207526668e-06 -2.13431636809e-08 -7.39540723771e-07 -3.54580624844e-05
8.7020898718e-06 -2.13431636809e-08 1.19535388876e-05 -5.09063247591e-05 1.44301179716e-06
-2.37566364376e-05 -7.39540723771e-07 -5.09063247591e-05 0.000221437803702 -1.46235925058e-06
5.31691171091e-07 -3.54580624844e-05 1.44301179716e-06 -1.46235925058e-06 0.000215649517486
0.972818135728 0.920296576115 -0.860546939116 0.124110236206 1.50237238648
0.000160149982548 -6.08197936458e-09 1.78060090548e-05 -4.87254364998e-05 1.27514636006e-06
-6.08197936458e-09 5.94314496993e-06 1.16162883756e-08 -1.38103735026e-06 -4.18752206315e-05
1.78060090548e-05 1.16162883756e-08 1.81671184691e-05 -7.45497527532e-05 2.20139713747e-06
-4.87254364998e-05 -1.38103735026e-06 -7.45497527532e-05 0.000312296906486 2.77169931451e-07
1.27514636006e-06 -4.18752206315e-05 2.20139713747e-06 2.77169931451e-07 0.000297235266771
1.46180018989 -0.627430226234 -0.793841434352 0.13776454372 0.48019642448
0.00023092146148 1.57069415252e-08 1.84254386113e-05 -4.9218062486e-05 -1.10553571631e-06
1.57069415252e-08 1.00520910564e-05 2.02119760928e-08 1.30981800339e-06 -5.32184167241e-05
1.84254386113e-05 2.02119760928e-08 1.66219942912e-05 -6.88391155563e-05 -1.88402555068e-06
-4.9218062486e-05 1.30981800339e-06 -6.88391155563e-05 0.000290641444735 5.17844398473e-07
-1.10553571631e-06 -5.32184167241e-05 -1.88402555068e-06 5.17844398473e-07 0.000284220703179
0.976558730654 1.12763116978 -0.652714295375 0.122519398992 1.03659040926
0.000191959363292 -7.33238092465e-09 3.02484841086e-05 -8.62110755406e-05 3.77564310838e-06
-7.33238092465e-09 9.01434577827e-06 1.47169361142e-08 -5.74257637709e-06 -9.97576353257e-05
3.02484841086e-05 1.47169361142e-08 5.47002528037e-05 -0.000251035904512 1.35670325108e-05
-8.62110755406e-05 -5.74257637709e-06 -0.000251035904512 0.00117339100689 -2.79638101119e-07
3.77564310838e-06 -9.97576353257e-05 1.35670325108e-05 -2.79638101119e-07 0.00110862229485
0.325269932988 1.06404638235 -0.624062200974 0.108366232561 1.89966942195
0.00209735939279 -5.82363952617e-07 0.000338137790095 -0.00105483923107 1.78051323019e-05
-5.82363952617e-07 9.94607489702e-07 -9.2903967186e-08 9.38770980952e-08 -9.85943643173e-06
0.000338137790095 -9.2903967186e-08 5.8798941609e-05 -0.000190644524992 3.13566692967e-06
-0.00105483923107 9.38770980952e-08 -0.000190644524992 0.000631173606962 -8.12210873846e-06
1.78051323019e-05 -9.85943643173e-06 3.13566692967e-06 -8.12210873846e-06 9.94296424324e-05
-1.68850787984 0.432113239937 -0.69200390754 0.115820616522 0.539606912788
0.000398021453293 7.36433349857e-08 3.35404220095e-05 -0.000111306508188 -2.85714213533e-06
7.36433349857e-08 1.34466317832e-05 2.69672106867e-08 1.49141510519e-06 -7.44678836782e-05
3.35404220095e-05 2.69672106867e-08 1.88393860299e-05 -8.987372712e-05 -2.33903847402e-06
-0.000111306508188 1.49141510519e-06 -8.987372712e-05 0.000449998391559 2.67693690148e-06
-2.85714213533e-06 -7.44678836782e-05 -2.33903847402e-06 2.67693690148e-06 0.000427413731813
-0.503000351942 -1.03982468871 -0.592428289509 0.0276032566469 -2.264109398
8.97598729352e-05 -3.62064955794e-09 1.26599097712e-05 -3.75596900994e-05 7.49410389744e-07
-3.62064955794e-09 1.92748279915e-06 -2.7972664185e-09 -4.05786579449e-07 -1.8008347979e-05
1.26599097712e-05 -2.7972664185e-09 9.39029450819e-06 -4.12882618548e-05 9.72912062025e-07
-3.75596900994e-05 -4.05786579449e-07 -4.12882618548e-05 0.000187605532119 -5.28526015842e-07
7.49410389744e-07 -1.8008347979e-05 9.72912062025e-07 -5.28526015842e-07 0.000169779261341
-1.36942583799 -0.550706715082 -0.608951374546 0.12555700251 -1.05603364464
0.000281974178506 7.15206809332e-08 2.3546117518e-05 -7.65875884099e-05 1.23684992559e-06
7.15206809332e-08 8.89944112714e-06 2.77322875775e-08 -1.28494457385e-06 -4.93831103086e-05
2.3546117518e-05 2.77322875775e-08 1.49034367496e-05 -7.03445984982e-05 1.51678148086e-06
-7.65875884099e-05 -1.28494457385e-06 -7.03445984982e-05 0.000349550740793 -1.32314721668e-06
1.23684992559e-06 -4.93831103086e-05 1.51678148086e-06 -1.32314721668e-06 0.000277274870314
-0.31591504458 1.23838360648 -0.542957023867 0.1220739457 0.183095402442
7.2210234066e-05 6.70941566194e-11 1.58981620189e-05 -4.74661610497e-05 -9.2982577371e-07
6.70941566194e-11 1.1880481452e-06 -1.76886350012e-09 4.31219746133e-07 -1.70187668118e-05
1.58981620189e-05 -1.76886350012e-09 1.48161543621e-05 -6.35598553345e-05 -1.47399669004e-06
-4.74661610497e-05 4.31219746133e-07 -6.35598553345e-05 0.000282096589217 4.98878137023e-07
-9.2982577371e-07 -1.70187668118e-05 -1.47399669004e-06 4.98878137023e-07 0.000244804221438
-0.570004040608 -1.06143832051 -0.373450734752 0.145955054039 -1.82369571868
6.83373000356e-05 -2.34311725578e-09 9.03272848518e-06 -2.40814224526e-05 5.49714059161e-07
-2.34311725578e-09 2.66242454927e-06 1.29881616573e-08 -5.89286230479e-07 -2.30006571655e-05
9.03272848518e-06 1.29881616573e-08 1.24523485283e-05 -5.07214499521e-05 1.210450705e-06
-2.40814224526e-05 -5.89286230479e-07 -5.07214499521e-05 0.000211030623177 -6.10558231529e-07
5.49714059161e-07 -2.30006571655e-05 1.210450705e-06 -6.10558231529e-07 0.000200287657208
0.52532396577 0.381330256971 -0.212827004718 0.119143500732 -3.54211083846
2.64265017904e-05 2.27567031885e-08 2.33468927036e-06 -9.06714922166e-06 -1.00097444999e-07
2.27567031885e-08 1.59942942446e-06 1.7414031106e-08 -1.79796046496e-07 -8.4720650193e-06
2.33468927036e-06 1.7414031106e-08 2.23685469791e-06 -1.14828089863e-05 -5.48774004017e-08
-9.06714922166e-06 -1.79796046496e-07 -1.14828089863e-05 6.46872867947e-05 8.20183061023e-07
-1.00097444999e-07 -8.4720650193e-06 -5.48774004017e-08 8.20183061023e-07 4.86085227749e-05
-1.05688139057 0.0243706280741 -0.242294339791 0.109187019869 -4.18097212533
8.15017265268e-05 -3.52222464528e-08 6.19098909738e-06 -2.09160152735e-05 1.76679890274e-07
-3.52222464528e-08 5.6487274378e-06 -5.66607294417e-09 4.33801083943e-08 -2.66723236564e-05
6.19098909738e-06 -5.66607294417e-09 5.38403219252e-06 -2.47292591666e-05 9.09884878553e-09
-2.09160152735e-05 4.33801083943e-08 -2.47292591666e-05 0.000123745776364 -1.18947895089e-07
1.76679890274e-07 -2.66723236564e-05 9.09884878553e-09 -1.18947895089e-07 0.000139033421874
-0.428181962874 -0.978930127169 -0.151711732558 0.106335193954 0.393069418788
4.75039923913e-05 2.43921753906e-08 6.41598307993e-06 -2.15423551708e-05 3.9563492038e-08
2.43921753906e-08 1.38217762924e-06 1.86823445603e-08 -3.32690916593e-07 -1.10128376036e-05
6.41598307993e-06 1.86823445603e-08 5.60097032576e-06 -2.50715766015e-05 1.69584041032e-07
-2.15423551708e-05 -3.32690916593e-07 -2.50715766015e-05 0.000121784301882 1.43138095154e-06
3.9563492038e-08 -1.10128376036e-05 1.69584041032e-07 1.43138095154e-06 9.2705609859e-05
-0.445696874691 -0.8419325094 -0.089916565239 0.105873094708 1.65096046464
3.61881575373e-05 7.85369635992e-09 3.66130893781e-06 -1.02898911791e-05 3.69003423373e-08
7.85369635992e-09 1.23175630051e-06 7.29796623133e-09 -1.48300770775e-07 -8.04663704912e-06
3.66130893781e-06 7.29796623133e-09 3.04825107378e-06 -1.24592152133e-05 8.33903683883e-08
-1.02898911791e-05 -1.48300770775e-07 -1.24592152133e-05 5.28870732524e-05 5.42896430034e-07
3.69003423373e-08 -8.04663704912e-06 8.33903683883e-08 5.42896430034e-07 5.47900053789e-05
1.53137723311 0.786631682129 0.150142570597 0.0907749170765 -0.945855029175
0.00031071761623 5.12104669781e-08 2.89008639811e-05 -8.01409987616e-05 2.16478611037e-06
5.12104669781e-08 1.27123012135e-05 1.72160738998e-07 -4.14858186559e-06 -8.22853035061e-05
2.89008639811e-05 1.72160738998e-07 2.79787454929e-05 -0.000123332079966 3.72677550331e-06
-8.01409987616e-05 -4.14858186559e-06 -0.000123332079966 0.000554479949642 5.29272847416e-06
2.16478611037e-06 -8.22853035061e-05 3.72677550331e-06 5.29272847416e-06 0.000535611005034
1.35263788438 -0.768340475448 0.171832034499 0.0912853865109 0.497215951474
0.000299560895655 9.65023172483e-09 2.76286536973e-05 -7.73259889684e-05 -2.12503505281e-06
9.65023172483e-09 9.96925882646e-06 3.69995198923e-08 2.06457548302e-06 -6.3566461904e-05
2.76286536973e-05 3.69995198923e-08 2.15186119021e-05 -9.4102229923e-05 -3.36814287039e-06
-7.73259889684e-05 2.06457548302e-06 -9.4102229923e-05 0.00042134715477 6.95131689099e-07
-2.12503505281e-06 -6.3566461904e-05 -3.36814287039e-06 6.95131689099e-07 0.000408305670135
-0.537841237298 1.17778385197 0.124218181987 0.102522428282 -1.52961063159
0.000273188168649 2.36182522428e-08 4.71977800771e-05 -0.000130966116558 -3.75758099835e-06
2.36182522428e-08 2.90316552309e-06 -7.92468579647e-09 1.21023686006e-06 -3.44202853739e-05
4.71977800771e-05 -7.92468579647e-09 2.83645294985e-05 -0.000114581511298 -3.60803687727e-06
-0.000130966116558 1.21023686006e-06 -0.000114581511298 0.000482980249217 1.42876626796e-06
-3.75758099835e-06 -3.44202853739e-05 -3.60803687727e-06 1.42876626796e-06 0.000409510801546
-1.36243981561 0.771258419679 0.124529830505 0.0917297161637 -2.78801965578
0.000454836001154 4.56042563712e-08 4.25214602728e-05 -0.000119690434076 -3.54022131432e-06
4.56042563712e-08 9.69721077126e-06 6.01588894256e-08 1.90247976661e-06 -6.18538833805e-05
4.25214602728e-05 6.01588894256e-08 2.30842888413e-05 -9.83655118034e-05 -3.69836448044e-06
-0.000119690434076 1.90247976661e-06 -9.83655118034e-05 0.000431434804341 2.32814909396e-06
-3.54022131432e-06 -6.18538833805e-05 -3.69836448044e-06 2.32814909396e-06 0.000397737458115
-1.45331949671 -0.672204987447 0.404982863291 0.0869023459128 -3.19989618538
0.00862471573055 -2.84592738353e-06 0.000715219939593 -0.0019104022067 6.62886159262e-05
-2.84592738353e-06 1.28917281472e-05 -3.02970761368e-07 -1.38490702284e-06 -7.62587296776e-05
0.000715219939593 -3.02970761368e-07 7.65782824601e-05 -0.000229827986914 8.11556674307e-06
-0.0019104022067 -1.38490702284e-06 -0.000229827986914 0.000725079386029 -1.07268851934e-05
6.62886159262e-05 -7.62587296776e-05 8.11556674307e-06 -1.07268851934e-05 0.000483259238536
1.50075714144 -0.603667892066 0.631846133228 0.0480843117427 -3.37690553374
0.000319965562085 -2.90751813736e-08 2.42091373366e-05 -6.21073049842e-05 -1.09656195946e-06
-2.90751813736e-08 1.09945522127e-05 -8.49402947978e-09 1.33471212393e-06 -5.41882473044e-05
2.42091373366e-05 -8.49402947978e-09 1.71118899743e-05 -6.67044732836e-05 -1.56212092861e-06
-6.21073049842e-05 1.33471212393e-06 -6.67044732836e-05 0.000265488517471 -2.20111942895e-07
-1.09656195946e-06 -5.41882473044e-05 -1.56212092861e-06 -2.20111942895e-07 0.000269578158623
0.265427838071 -0.217352365317 0.603703735228 0.0426971795729 -3.68152606959
3.33328898705e-05 -3.68323895827e-07 3.51544167643e-06 -1.47549008034e-05 2.67100494966e-06
-3.68323895827e-07 1.00613567611e-06 -3.37010206408e-08 1.31685467863e-07 -6.52192829875e-06
3.51544167643e-06 -3.37010206408e-08 8.02276076683e-07 -3.66729341295e-06 2.39967477e-07
-1.47549008034e-05 1.31685467863e-07 -3.66729341295e-06 1.82136427611e-05 -9.1931156021e-07
2.67100494966e-06 -6.52192829875e-06 2.39967477e-07 -9.1931156021e-07 4.54148284916e-05
-1.6221571097 -0.390491787884 0.539037751839 0.0314514195953 0.626969957623
0.000341209408361 2.73920921501e-08 2.30427067436e-05 -5.92544893152e-05 6.26472342447e-07
2.73920921501e-08 1.13809592222e-05 7.14526793288e-09 -8.6574755187e-07 -5.08812263433e-05
2.30427067436e-05 7.14526793288e-09 1.42189219332e-05 -5.57361527171e-05 8.16082376787e-07
-5.92544893152e-05 -8.6574755187e-07 -5.57361527171e-05 0.000224493589485 6.56304735003e-07
6.26472342447e-07 -5.08812263433e-05 8.16082376787e-07 6.56304735003e-07 0.000232903388678
1.41863230835 -0.0969424251169 0.723272646673 0.0165737857567 2.44206562727
0.000256709608948 -6.69646649243e-09 1.77797919605e-05 -5.1793482271e-05 1.5653343155e-07
-6.69646649243e-09 1.08037211248e-05 1.15243494747e-08 1.88244783317e-07 -5.91323514527e-05
1.77797919605e-05 1.15243494747e-08 9.2883446996e-06 -4.09245076298e-05 -2.25648278729e-07
-5.1793482271e-05 1.88244783317e-07 -4.09245076298e-05 0.000185862314538 -4.35453102909e-07
1.5653343155e-07 -5.91323514527e-05 -2.25648278729e-07 -4.35453102909e-07 0.000352930044755
0.782506228582 0.265020527391 0.776076862165 0.0246648011976 3.76478564114
7.6084092143e-05 2.47348861393e-08 6.08753225606e-06 -1.98220950551e-05 -6.5160257634e-08
2.47348861393e-08 2.86736053567e-06 9.841398807e-09 -1.36537579465e-07 -1.36054686664e-05
6.08753225606e-06 9.841398807e-09 3.28324085785e-06 -1.47406490214e-05 1.32510891149e-08
-1.98220950551e-05 -1.36537579465e-07 -1.47406490214e-05 6.89326989232e-05 4.28539863151e-07
-6.5160257634e-08 -1.36054686664e-05 1.32510891149e-08 4.28539863151e-07 6.57652053633e-05
0.703392134652 -1.1817302794 0.834541353497 0.0340788649333 0.983573262824
0.00476264068857 5.76353897941e-07 0.000857743551023 -0.00240686861798 -9.08841539058e-05
5.76353897941e-07 5.10233621753e-06 8.69553247185e-08 2.4634186957e-06 -6.01742540312e-05
0.000857743551023 8.69553247185e-08 0.000190161881619 -0.000593382341322 -2.31397843891e-05
-0.00240686861798 2.4634186957e-06 -0.000593382341322 0.0019362004241 4.45170298917e-05
-9.08841539058e-05 -6.01742540312e-05 -2.31397843891e-05 4.45170298917e-05 0.000713656831067
-1.99356688654 -0.297713219256 0.775104532125 0.00492595291649 -3.12019273795
0.0140979029238 -1.11980216388e-06 0.000984096084721 -0.00275044771843 4.10661559727e-05
-1.11980216388e-06 1.68589886016e-05 -8.43432346187e-08 -1.08676488253e-06 -8.15860039438e-05
0.000984096084721 -8.43432346187e-08 8.61023145262e-05 -0.00027076160768 4.16047851104e-06
-0.00275044771843 -1.08676488253e-06 -0.00027076160768 0.000895402103197 -7.24863230062e-06
4.10661559727e-05 -8.15860039438e-05 4.16047851104e-06 -7.24863230062e-06 0.000402300822316
1.127717536 -1.00603677305 1.02842021278 -0.100155324935 -1.68374091161
0.000270441203611 -9.53125489644e-09 3.2798077882e-05 -8.95733319339e-05 -3.18696743307e-06
-9.53125489644e-09 9.34139188757e-06 -1.6113762058e-07 4.28268049291e-06 -7.81981652835e-05
3.2798077882e-05 -1.6113762058e-07 3.77179349016e-05 -0.000162329728482 -6.03174203206e-06
-8.95733319339e-05 4.28268049291e-06 -0.000162329728482 0.000713362474926 -3.30823627337e-06
-3.18696743307e-06 -7.81981652835e-05 -6.03174203206e-06 -3.30823627337e-06 0.000658200297039
1.12499198612 -0.653809968221 1.00237202907 -0.0103523009514 1.9949961331
9.69575849012e-05 -9.24182241846e-09 7.99788358563e-06 -2.22769504035e-05 -3.84953750654e-07
-9.24182241846e-09 6.36626737105e-06 -3.36840888515e-09 8.37369441342e-07 -3.68872606487e-05
7.99788358563e-06 -3.36840888515e-09 1.04586415546e-05 -4.6409022616e-05 -1.05871390588e-06
-2.22769504035e-05 8.37369441342e-07 -4.6409022616e-05 0.00020982787828 -1.8659324752e-08
-3.84953750654e-07 -3.68872606487e-05 -1.05871390588e-06 -1.8659324752e-08 0.000217160762986
0.3997370105 -1.22685450805 1.0092136867 -0.00661367689138 0.914300664696
3.92288457078e-05 5.32956523358e-09 7.66808079788e-06 -2.12728664337e-05 -5.79796108013e-07
5.32956523358e-09 1.86186571227e-06 1.48980952019e-08 6.27610290849e-07 -2.48142787314e-05
7.66808079788e-06 1.48980952019e-08 1.82713865797e-05 -8.02117137937e-05 -2.57384522229e-06
-2.12728664337e-05 6.27610290849e-07 -8.02117137937e-05 0.000359098426998 2.49676213571e-06
-5.79796108013e-07 -2.48142787314e-05 -2.57384522229e-06 2.49676213571e-06 0.00033185724169
-0.429595525056 -0.763239655401 0.994138603245 -0.00590463308605 0.516364881779
1.96028304345e-05 8.73994832062e-09 1.90040316284e-06 -5.7545994423e-06 -1.3075385219e-08
8.73994832062e-09 1.17993761251e-06 1.12495905924e-08 -1.61571307444e-07 -7.8522180047e-06
1.90040316284e-06 1.12495905924e-08 2.32291267821e-06 -1.05282624645e-05 2.2528393373e-08
-5.7545994423e-06 -1.61571307444e-07 -1.05282624645e-05 4.93010229548e-05 7.48545232909e-07
-1.3075385219e-08 -7.8522180047e-06 2.2528393373e-08 7.48545232909e-07 5.4336462199e-05
0.488952223264 -0.952167478692 1.24298681055 -0.0427827606128 1.49166281163
6.5432061092e-05 4.32895053137e-09 7.44163844502e-06 -1.98246125365e-05 -2.91402045605e-07
4.32895053137e-09 1.61981461133e-06 2.58103405315e-09 1.7902947036e-07 -1.13844525913e-05
7.44163844502e-06 2.58103405315e-09 5.6017879615e-06 -2.15381733142e-05 -3.57025982112e-07
-1.98246125365e-05 1.7902947036e-07 -2.15381733142e-05 8.58091370901e-05 4.51882797847e-08
-2.91402045605e-07 -1.13844525913e-05 -3.57025982112e-07 4.51882797847e-08 8.20237401058e-05
-0.553774167631 -0.708883828653 1.33477772254 -0.0347573190818 -3.10770950563
8.61415319378e-05 5.18138243422e-08 7.60097736929e-06 -2.2217122023e-05 -1.80613611178e-07
5.18138243422e-08 1.72232705609e-06 2.46251126157e-08 -2.68749403176e-07 -9.63869752013e-06
7.60097736929e-06 2.46251126157e-08 3.66550511899e-06 -1.4871951862e-05 -4.52814283847e-08
-2.2217122023e-05 -2.68749403176e-07 -1.4871951862e-05 6.41963852104e-05 1.33603032282e-06
-1.80613611178e-07 -9.63869752013e-06 -4.52814283847e-08 1.33603032282e-06 5.63490211789e-05
-0.921916389491 0.406286975032 1.68588208627 -0.0837313246722 3.57270998086
6.71429879731e-05 -3.36944196988e-08 4.90776483275e-06 -1.38332079587e-05 9.12606665793e-08
-3.36944196988e-08 3.94623975808e-06 -1.70393761323e-08 2.81322854789e-07 -1.73974040081e-05
4.90776483275e-06 -1.70393761323e-08 4.74725538879e-06 -1.94344756892e-05 -3.57225218295e-08
-1.38332079587e-05 2.81322854789e-07 -1.94344756892e-05 8.3514052676e-05 -1.00157592442e-06
9.12606665793e-08 -1.73974040081e-05 -3.57225218295e-08 -1.00157592442e-06 7.83651630627e-05
-0.913480330818 -0.653600014166 1.69446157932 -0.0845950721521 -2.57842920337
7.33731794753e-05 2.71295164112e-08 6.15296858086e-06 -1.70442272065e-05 1.9684460284e-08
2.71295164112e-08 4.18512445322e-06 3.41067938336e-08 -6.18043941358e-07 -2.19090452447e-05
6.15296858086e-06 3.41067938336e-08 7.14533553037e-06 -2.91626511171e-05 1.80817167461e-07
-1.70442272065e-05 -6.18043941358e-07 -2.91626511171e-05 0.000124027836137 2.18481659431e-06
1.9684460284e-08 -2.19090452447e-05 1.80817167461e-07 2.18481659431e-06 0.000118228403153
-0.198782692733 -1.30208370402 1.714814534 -0.0839609292467 0.728797275487
1.70821313077e-05 4.02679622979e-09 4.30282898378e-06 -1.17073377623e-05 3.75241846484e-08
4.02679622979e-09 6.09142148278e-07 2.32342216577e-08 -3.20127952591e-07 -9.25716358324e-06
4.30282898378e-06 2.32342216577e-08 1.00862507679e-05 -4.03630692745e-05 6.13045756381e-08
-1.17073377623e-05 -3.20127952591e-07 -4.03630692745e-05 0.000168008817127 3.90532295569e-06
3.75241846484e-08 -9.25716358324e-06 6.13045756381e-08 3.90532295569e-06 0.000141418058774
-0.194344793992 -1.28437360061 1.74720025171 -0.0918501882815 0.741994462324
1.13741425594e-05 7.74592479047e-09 2.77903609458e-06 -7.96083259047e-06 -1.10431081168e-07
7.74592479047e-09 5.40238488611e-07 2.07473718206e-08 -3.00404394693e-07 -7.78833600634e-06
2.77903609458e-06 2.07473718206e-08 7.87570388638e-06 -3.24573265971e-05 -1.33030027882e-07
-7.96083259047e-06 -3.00404394693e-07 -3.24573265971e-05 0.000139864176163 4.56521593151e-06
-1.10431081168e-07 -7.78833600634e-06 -1.33030027882e-07 4.56521593151e-06 0.000113109839731
-0.509191974353 -0.959885540993 1.7992728925 -0.0988186485202 -2.12640834908
5.69382973481e-05 -6.86061696342e-09 6.77894422552e-06 -1.9656805307e-05 3.98184937467e-07
-6.86061696342e-09 1.82964618034e-06 -1.28176602665e-09 -2.6847263257e-07 -1.48546741912e-05
6.77894422552e-06 -1.28176602665e-09 6.28005045655e-06 -2.77506569546e-05 5.856467169e-07
-1.9656805307e-05 -2.6847263257e-07 -2.77506569546e-05 0.000126773826196 -4.94814287322e-07
3.98184937467e-07 -1.48546741912e-05 5.856467169e-07 -4.94814287322e-07 0.000122965269838
1.18640246131 -0.0934068326388 1.93245543784 -0.160808140815 2.21968370493
0.00573096377775 1.27744229417e-07 0.000412408204284 -0.00121434708126 -3.26092117575e-06
1.27744229417e-07 6.40965254206e-06 8.93482621223e-09 8.21008896423e-08 -3.21961160807e-05
0.000412408204284 8.93482621223e-09 3.51347662217e-05 -0.000112599700515 -3.08078227818e-07
-0.00121434708126 8.21008896423e-08 -0.000112599700515 0.000375665753381 4.10951685126e-07
-3.26092117575e-06 -3.21961160807e-05 -3.08078227818e-07 4.10951685126e-07 0.000173678898136
-0.528000588952 -1.24121686482 2.08573104884 -0.122719833612 -1.0817162503
0.000253754464211 3.91985066628e-09 5.47785275558e-05 -0.000159108705702 4.76249488202e-06
3.91985066628e-09 3.52445863427e-06 1.94154488042e-08 -2.31921899285e-06 -5.02908733324e-05
5.47785275558e-05 1.94154488042e-08 4.5984681492e-05 -0.000193737781956 6.83912048771e-06
-0.000159108705702 -2.31921899285e-06 -0.000193737781956 0.000850697921123 2.76678406408e-06
4.76249488202e-06 -5.02908733324e-05 6.83912048771e-06 2.76678406408e-06 0.000719850300811
-0.577512336517 -1.20592635256 2.14814428528 -0.187807894115 0.92295902622
6.20385690127e-05 -1.27191839283e-08 1.13713012979e-05 -3.00842475554e-05 1.02626574972e-06
-1.27191839283e-08 3.63750496035e-06 -1.9990643807e-08 -1.42374778989e-06 -4.20935102738e-05
1.13713012979e-05 -1.9990643807e-08 3.07293666992e-05 -0.000123901976622 4.64553204438e-06
-3.00842475554e-05 -1.42374778989e-06 -0.000123901976622 0.000505862699356 -1.59557225743e-06
1.02626574972e-06 -4.20935102738e-05 4.64553204438e-06 -1.59557225743e-06 0.000488816993311
0.291744366555 1.22830711668 2.78912497628 -0.0583184376262 -1.24475645566
2.89471408905e-05 1.60170876562e-09 8.60721866047e-06 -3.662267045e-05 8.99594908788e-07
1.60170876562e-09 8.4853155613e-07 8.80653150404e-09 -6.93251706707e-07 -1.81975010491e-05
8.60721866047e-06 8.80653150404e-09 1.0266487152e-05 -6.66461128276e-05 1.93258392756e-06
-3.662267045e-05 -6.93251706707e-07 -6.66461128276e-05 0.0004515494511 4.43208818979e-07
8.99594908788e-07 -1.81975010491e-05 1.93258392756e-06 4.43208818979e-07 0.000391413457692
0.563126267651 1.13746707948 2.86594629471 -0.0959018020103 -1.57977625366
6.25892716926e-05 4.61772842186e-09 8.6468335212e-06 -2.16788685066e-05 4.14123974224e-07
4.61772842186e-09 4.33643481301e-06 -7.61617258149e-08 -1.18171999475e-06 -4.4823227654e-05
8.6468335212e-06 -7.61617258149e-08 2.7302550734e-05 -0.000116356713988 4.00668568545e-06
-2.16788685066e-05 -1.18171999475e-06 -0.000116356713988 0.000501709466334 -1.52725294811e-06
4.14123974224e-07 -4.4823227654e-05 4.00668568545e-06 -1.52725294811e-06 0.000464677868877
-0.497647877904 -0.37465248376 2.84097170019 -0.129269952986 0.542891240654
0.00122955243569 -1.42335935038e-07 0.000101659323263 -0.000317677011481 2.94052506433e-06
-1.42335935038e-07 1.29263719373e-06 -1.4436179363e-08 2.86801871141e-08 -6.20681566943e-06
0.000101659323263 -1.4436179363e-08 9.76100182015e-06 -3.26112749462e-05 3.11534932962e-07
-0.000317677011481 2.86801871141e-08 -3.26112749462e-05 0.00011351025023 -1.04455637029e-06
2.94052506433e-06 -6.20681566943e-06 3.11534932962e-07 -1.04455637029e-06 3.13591117447e-05
0.760069389515 0.213534128958 2.98481846505 -0.106663928641 -3.23858092431
2.46866147791e-05 2.80103185091e-09 1.71290298567e-06 -5.02382772538e-06 4.02064070926e-09
2.80103185091e-09 2.60139063357e-06 5.32512700602e-10 -5.24216083875e-08 -1.15773846119e-05
1.71290298567e-06 5.32512700602e-10 2.63095989794e-06 -1.15028688015e-05 4.521114505e-08
-5.02382772538e-06 -5.24216083875e-08 -1.15028688015e-05 5.21753790963e-05 2.45240823205e-08
4.02064070926e-09 -1.15773846119e-05 4.521114505e-08 2.45240823205e-08 5.26942603756e-05
1.4236991664 -0.703605709902 3.06433963563 -0.113098007723 -2.95695928363
0.000318523496389 5.38857705124e-08 2.82055298158e-05 -7.74124564487e-05 -2.19069420382e-06
5.38857705124e-08 9.88824740489e-06 3.47506983189e-08 1.5168001255e-06 -5.56535451324e-05
2.82055298158e-05 3.47506983189e-08 1.941699702e-05 -7.93244689703e-05 -2.52616405305e-06
-7.74124564487e-05 1.5168001255e-06 -7.93244689703e-05 0.000331285467837 1.14690874398e-06
-2.19069420382e-06 -5.56535451324e-05 -2.52616405305e-06 1.14690874398e-06 0.000316179328365
-2.06040061953 0.170790480835 2.96628547857 -0.114439399878 3.85317108619
0.000451870029792 -2.71417679443e-08 3.07993650495e-05 -8.46981347422e-05 -5.9562540855e-07
-2.71417679443e-08 1.75746135938e-05 1.2165660479e-08 6.69220355576e-07 -7.89691039245e-05
3.07993650495e-05 1.2165660479e-08 1.88656122191e-05 -7.79610418249e-05 -7.46838054511e-07
-8.46981347422e-05 6.69220355576e-07 -7.79610418249e-05 0.000328731781337 -3.00147604548e-07
-5.9562540855e-07 -7.89691039245e-05 -7.46838054511e-07 -3.00147604548e-07 0.000366185500752
-1.30267222666 -0.608668840247 3.07378727324 -0.0909029251945 -2.76225242599
0.000259244960034 3.85511889078e-08 2.16142416321e-05 -6.11158757238e-05 8.1907785443e-07
3.85511889078e-08 8.00660382083e-06 7.30188318698e-08 -1.38483517276e-06 -4.26622500527e-05
2.16142416321e-05 7.30188318698e-08 1.37964443638e-05 -5.77085011173e-05 8.100827813e-07
-6.11158757238e-05 -1.38483517276e-06 -5.77085011173e-05 0.000249257602263 2.62631897385e-06
8.1907785443e-07 -4.26622500527e-05 8.100827813e-07 2.62631897385e-06 0.000230823279708
-0.43381121046 -1.25962273403 3.1089616438 -0.201710079321 0.0549961913783
0.0014404427493 -5.21976701862e-08 0.000323424523231 -0.000905112479813 2.32593301916e-05
-5.21976701862e-08 2.54610017691e-06 1.14019176323e-08 -1.36057064992e-06 -3.57704666385e-05
0.000323424523231 1.14019176323e-08 0.00010045011004 -0.000324178690789 8.65838137543e-06
-0.000905112479813 -1.36057064992e-06 -0.000324178690789 0.00109965924639 -1.07227160697e-05
2.32593301916e-05 -3.57704666385e-05 8.65838137543e-06 -1.07227160697e-05 0.000504188297782
0.233220228458 1.3415862947 -1.72702098829 0.0779574831249 -0.660368437174
6.32283990853e-05 1.73986194341e-08 2.24750147026e-05 -7.18092487659e-05 1.23717438782e-06
1.73986194341e-08 9.76599835667e-07 4.76359951485e-10 -5.88227578646e-07 -2.08458077395e-05
2.24750147026e-05 4.76359951485e-10 2.70540367637e-05 -0.000118241419841 3.06880588141e-06
-7.18092487659e-05 -5.88227578646e-07 -0.000118241419841 0.000534438062459 -1.20361937661e-06
1.23717438782e-06 -2.08458077395e-05 3.06880588141e-06 -1.20361937661e-06 0.000445762882009
-0.305185592364 1.29676450694 -1.77598475575 0.0866837414036 1.13801396109
6.70036606607e-05 3.97341848313e-09 1.98326506506e-05 -6.29218557151e-05 -1.65203687175e-06
3.97341848313e-09 1.43271847719e-06 -3.10569596707e-08 9.10219796424e-07 -2.5585432013e-05
1.98326506506e-05 -3.10569596707e-08 2.56150742644e-05 -0.00011425637058 -2.83282383862e-06
-6.29218557151e-05 9.10219796424e-07 -0.00011425637058 0.000524028029758 -4.02544401368e-07
-1.65203687175e-06 -2.5585432013e-05 -2.83282383862e-06 -4.02544401368e-07 0.000457980640931
-0.0138503945141 1.27858826332 -1.43444515348 0.0876866786318 0.77833276993
8.90943212539e-08 -1.18881793298e-09 4.88765081741e-08 -2.30293849768e-07 2.73593574462e-08
-1.18881793298e-09 7.33369365236e-09 -2.07664019314e-09 1.36520181826e-08 -1.27322948629e-07
4.88765081741e-08 -2.07664019314e-09 9.74935758791e-08 -5.10955260324e-07 4.98142078698e-08
-2.30293849768e-07 1.36520181826e-08 -5.10955260324e-07 3.5564044083e-06 -4.46156974476e-07
2.73593574462e-08 -1.27322948629e-07 4.98142078698e-08 -4.46156974476e-07 2.66802544502e-06
0.277846079862 1.37046684902 0.247222948995 0.060445937392 0.691661664503
4.10291031585e-05 -8.4308041437e-08 2.06515414902e-05 -8.59991414472e-05 6.31633793091e-06
-8.4308041437e-08 1.67201767454e-06 -5.54357235671e-08 -2.29636225413e-06 -5.2054747357e-05
2.06515414902e-05 -5.54357235671e-08 5.17629523529e-05 -0.000301002524793 1.613348104e-05
-8.59991414472e-05 -2.29636225413e-06 -0.000301002524793 0.00179869076237 -1.46225902427e-05
6.31633793091e-06 -5.2054747357e-05 1.613348104e-05 -1.46225902427e-05 0.00163059670012
-0.632017039596 1.30034813046 0.327836771325 0.119729558001 0.553757902355
0.000187714962522 1.53911496881e-08 5.05225943925e-05 -0.000138269198942 -6.36501226836e-06
1.53911496881e-08 5.86585701967e-06 -3.62452510672e-07 6.09253629591e-06 -8.81700543687e-05
5.05225943925e-05 -3.62452510672e-07 9.78648095042e-05 -0.000376456475351 -1.4030553757e-05
-0.000138269198942 6.09253629591e-06 -0.000376456475351 0.00147255230695 -1.51552148964e-05
-6.36501226836e-06 -8.81700543687e-05 -1.4030553757e-05 -1.51552148964e-05 0.0013298447011
0.134846941555 1.41063648709 0.496305589714 0.094680764648 -0.750372812449
0.00210878578946 -2.11899319424e-07 0.00080672535114 -0.00202126917429 3.59265031875e-05
-2.11899319424e-07 4.90945069487e-07 -1.21357047078e-07 1.24120902001e-07 -1.23151585285e-05
0.00080672535114 -1.21357047078e-07 0.000327977846609 -0.000851068005431 1.62121523317e-05
-0.00202126917429 1.24120902001e-07 -0.000851068005431 0.00225152797066 -3.8273181417e-05
3.59265031875e-05 -1.23151585285e-05 1.62121523317e-05 -3.8273181417e-05 0.000309662165819
0.190131407975 -1.40645402769 -2.74760913503 0.228979202848 0.479048096483
8.42526696943e-06 1.55424579873e-08 6.38322853774e-06 -2.98746726912e-05 -1.97661165657e-06
1.55424579873e-08 8.0950036363e-07 3.42920145613e-08 1.17698562008e-06 -3.31259871018e-05
6.38322853774e-06 3.42920145613e-08 3.65875821444e-05 -0.000230095349252 -1.18021189337e-05
-2.98746726912e-05 1.17698562008e-06 -0.000230095349252 0.00147361448035 1.8403003196e-05
-1.97661165657e-06 -3.31259871018e-05 -1.18021189337e-05 1.8403003196e-05 0.00137444515713
0.0224691532179 -1.41059090083 -2.47970770296 0.0602859452119 0.717856922503
0.00172716460656 3.47791626609e-07 0.000807617790997 -0.00235667894594 -1.68627066159e-05
3.47791626609e-07 1.90363849129e-08 1.66938121993e-07 -5.0123537676e-07 -5.35647529887e-07
0.000807617790997 1.66938121993e-07 0.000378420838388 -0.0011058190139 -8.07399828773e-06
-0.00235667894594 -5.0123537676e-07 -0.0011058190139 0.00323609891348 2.43032300205e-05
-1.68627066159e-05 -5.35647529887e-07 -8.07399828773e-06 2.43032300205e-05 1.53512646648e-05
0.546379809118 -1.25454818817 -1.21979773095 0.10983485215 -1.25681912789
0.00196966389194 1.12169027489e-06 0.000542226131074 -0.00175997894257 -8.46362163429e-05
1.12169027489e-06 3.97846270062e-06 3.06413738826e-07 1.78118909844e-06 -6.08179507253e-05
0.000542226131074 3.06413738826e-07 0.000189655998838 -0.000676593219396 -3.19767859764e-05
