0.0761278653482 0.0963642594309 0.109175117452
0.00170565582812 0.0 0.0
0.0 0.00146069808397 0.0
0.0 0.0 3.95674538612
1.0
358
0.886975186191 -0.924092578303 -2.21379377943 0.0235932291374 2.78029997767
0.000105315550172 1.60234510105e-08 1.21049451991e-05 -3.56985656254e-05 -1.04127798295e-06
1.60234510105e-08 5.05386060468e-06 1.88467108586e-08 1.2877426343e-06 -4.11883811466e-05
1.21049451991e-05 1.88467108586e-08 1.52166685439e-05 -7.18221417628e-05 -2.48942251346e-06
-3.56985656254e-05 1.2877426343e-06 -7.18221417628e-05 0.000346190441633 6.63234516196e-07
-1.04127798295e-06 -4.11883811466e-05 -2.48942251346e-06 6.63234516196e-07 0.00033859568066
-0.796184774086 -1.13117965105 -1.73254178793 0.0762647116141 2.35234625421
0.000153581233462 -2.29531700313e-08 2.58072686847e-05 -7.66558951e-05 3.12200768349e-06
-2.29531700313e-08 5.6636199588e-06 6.53069376355e-09 -3.02934745378e-06 -6.41313090455e-05
2.58072686847e-05 6.53069376355e-09 3.59131481673e-05 -0.000165286575793 7.57776660976e-06
-7.66558951e-05 -3.02934745378e-06 -0.000165286575793 0.000777181237936 -1.8636585537e-06
3.12200768349e-06 -6.41313090455e-05 7.57776660976e-06 -1.8636585537e-06 0.000729251652956
0.825007640562 -0.070275972058 -1.30545614526 0.0959519761582 -1.8128772135
2.76740138361e-05 1.39017632961e-08 2.1646001187e-06 -7.16848717275e-06 -1.30599715931e-07
1.39017632961e-08 3.71954570255e-06 5.40126221527e-10 3.57764982084e-08 -2.07034299819e-05
2.1646001187e-06 5.40126221527e-10 3.01128670799e-06 -1.48288336277e-05 -4.07910398792e-08
-7.16848717275e-06 3.57764982084e-08 -1.48288336277e-05 7.55245418986e-05 -4.25165076479e-08
-1.30599715931e-07 -2.07034299819e-05 -4.07910398792e-08 -4.25165076479e-08 0.000125842925627
-0.469417579328 1.12913659835 0.388523158142 0.0539255236061 -0.808306925943
3.53917821485e-05 -6.90416257498e-09 5.12572023581e-06 -1.31675624289e-05 -2.02181368536e-07
-6.90416257498e-09 2.17047249862e-06 -1.24523644729e-08 5.12044493917e-07 -2.05626693059e-05
5.12572023581e-06 -1.24523644729e-08 1.22960473163e-05 -4.88400946779e-05 -1.04538798951e-06
-1.31675624289e-05 5.12044493917e-07 -4.88400946779e-05 0.000197220622795 -5.9320218071e-08
-2.02181368536e-07 -2.05626693059e-05 -1.04538798951e-06 -5.9320218071e-08 0.000196262219106
0.356818484078 -1.09546839395 1.04213332073 -0.0229124328457 -0.336259210079
2.06280146813e-05 -6.51071641045e-09 2.88197770715e-06 -7.70862334321e-06 1.60248633807e-10
-6.51071641045e-09 1.15875275242e-06 -1.49788803583e-08 2.90527196967e-07 -1.04913333416e-05
2.88197770715e-06 -1.49788803583e-08 5.9274348132e-06 -2.40365206992e-05 -1.38666038652e-07
-7.70862334321e-06 2.90527196967e-07 -2.40365206992e-05 0.000100246565125 -1.838244998e-06
1.60248633807e-10 -1.04913333416e-05 -1.38666038652e-07 -1.838244998e-06 9.67133382801e-05
0.377544133338 0.0950635844666 1.34551904814 -0.055828104556 -1.7179237025
4.89471403853e-06 2.05925854146e-08 3.73942981469e-07 -1.38773282288e-06 -1.42606282338e-07
2.05925854146e-08 1.12660711693e-06 1.54978863076e-09 -1.39488935957e-08 -6.2719395828e-06
3.73942981469e-07 1.54978863076e-09 6.99178372088e-07 -3.0710828014e-06 -7.35107708039e-09
-1.38773282288e-06 -1.39488935957e-08 -3.0710828014e-06 1.45292169691e-05 7.73740111981e-08
-1.42606282338e-07 -6.2719395828e-06 -7.35107708039e-09 7.73740111981e-08 3.81718673452e-05
1.30070789746 -0.154962088877 2.84683895427 -0.112392248741 4.34493666376
5.07946970174e-05 1.17327623173e-08 3.47285276803e-06 -1.04363607534e-05 -1.62559246064e-07
1.17327623173e-08 1.00207607829e-05 1.69547824669e-08 2.72947119129e-07 -5.7569512137e-05
3.47285276803e-06 1.69547824669e-08 7.3548835644e-06 -3.57576609531e-05 -3.65329725582e-07
-1.04363607534e-05 2.72947119129e-07 -3.57576609531e-05 0.000177604219061 -4.43365422598e-07
-1.62559246064e-07 -5.7569512137e-05 -3.65329725582e-07 -4.43365422598e-07 0.000353787647327
1.06776773815 0.898789188244 -3.08915645236 -0.0932637454763 -0.973293398935
0.000165911609656 -8.44445047221e-09 1.81287778105e-05 -5.0469472626e-05 1.50917128394e-06
-8.44445047221e-09 6.97809400663e-06 1.69229477653e-10 -1.58837292474e-06 -4.87813922518e-05
1.81287778105e-05 1.69229477653e-10 2.01129005291e-05 -8.47753035487e-05 2.92497520604e-06
-5.0469472626e-05 -1.58837292474e-06 -8.47753035487e-05 0.000365125102689 -1.81811992661e-06
1.50917128394e-06 -4.87813922518e-05 2.92497520604e-06 -1.81811992661e-06 0.000343501276802
0.0882566619441 1.30637131308 -3.07852601884 -0.0950693027048 -0.371191122874
5.6708554439e-06 1.95838234518e-09 1.98832003662e-06 -7.98784367362e-06 2.06563424143e-08
1.95838234518e-09 1.26186776583e-07 -4.8614952064e-09 -2.16726903091e-08 -3.54691223947e-06
1.98832003662e-06 -4.8614952064e-09 2.86222325485e-06 -1.89584588952e-05 3.5355202499e-07
-7.98784367362e-06 -2.16726903091e-08 -1.89584588952e-05 0.000133134017233 -8.58838745899e-07
2.06563424143e-08 -3.54691223947e-06 3.5355202499e-07 -8.58838745899e-07 0.000100196040876
-0.488061479044 -1.22312862773 -3.12359571414 -0.095330137648 -0.71049619162
8.20953864604e-05 -1.28756996176e-08 1.66684767464e-05 -4.86123972223e-05 1.62608398568e-06
-1.28756996176e-08 2.68556550509e-06 -3.6628520661e-08 -1.22603739783e-06 -3.7963342038e-05
1.66684767464e-05 -3.6628520661e-08 2.68294315902e-05 -0.000123029531096 5.0672465477e-06
-4.86123972223e-05 -1.22603739783e-06 -0.000123029531096 0.000577084952965 -4.2201454562e-06
1.62608398568e-06 -3.7963342038e-05 5.0672465477e-06 -4.2201454562e-06 0.000538254505955
0.747585369902 0.895930229551 -3.00306486865 -0.0834576412315 -1.0719165451
0.00305928871967 2.68691309202e-07 0.00035268245847 -0.00106490461621 1.92443549167e-05
2.68691309202e-07 3.55703355126e-06 5.23018428567e-08 -9.60331817623e-07 -2.77441340586e-05
0.00035268245847 5.23018428567e-08 4.97725886817e-05 -0.000167271282407 3.1685774502e-06
-0.00106490461621 -9.60331817623e-07 -0.000167271282407 0.000590194540564 -5.25184987055e-06
1.92443549167e-05 -2.77441340586e-05 3.1685774502e-06 -5.25184987055e-06 0.000218556975597
-2.07964467824 0.293269451131 -3.13793444653 -0.0941731570661 -3.10014355929
0.000646348926239 -1.68008227774e-07 4.63914329885e-05 -0.000135594338644 -1.22349888443e-06
-1.68008227774e-07 1.88413796423e-05 -1.98494998216e-08 1.80250606263e-06 -9.74339200184e-05
4.63914329885e-05 -1.98494998216e-08 2.21239988605e-05 -0.000101204132079 -1.68644260157e-06
-0.000135594338644 1.80250606263e-06 -0.000101204132079 0.000475508102681 -1.07910773295e-06
-1.22349888443e-06 -9.74339200184e-05 -1.68644260157e-06 -1.07910773295e-06 0.000511531776283
-1.21660999001 0.42785265873 -3.09358358449 -0.0932259649295 -1.49548174565
8.83624597918e-05 -2.36916308793e-09 6.77403477312e-06 -2.02932824322e-05 -2.56482536543e-07
-2.36916308793e-09 6.31030980003e-06 5.45530398632e-10 5.13108489031e-07 -3.38687532349e-05
6.77403477312e-06 5.45530398632e-10 8.13939732325e-06 -3.89599154005e-05 -6.25787947683e-07
-2.02932824322e-05 5.13108489031e-07 -3.89599154005e-05 0.000190250997548 3.1082694818e-07
-2.56482536543e-07 -3.38687532349e-05 -6.25787947683e-07 3.1082694818e-07 0.000183440453839
-0.650078928088 0.886823934062 -3.01615571873 -0.0870553783141 -1.13855909727
5.78025064897e-05 -8.38643821055e-09 6.2102449192e-06 -1.81794057426e-05 -2.65645780928e-07
-8.38643821055e-09 2.69536712949e-06 -1.73805716486e-08 5.51019525119e-07 -2.08413475775e-05
6.2102449192e-06 -1.73805716486e-08 7.42797647035e-06 -3.49039983121e-05 -6.43553562441e-07
-1.81794057426e-05 5.51019525119e-07 -3.49039983121e-05 0.000167997379322 -5.63403830256e-07
-2.65645780928e-07 -2.08413475775e-05 -6.43553562441e-07 -5.63403830256e-07 0.000163036500453
0.38321488187 0.888562594383 -2.90701936767 -0.0756097774695 -3.13505327448
3.091943654e-05 3.88485110747e-09 3.54320081897e-06 -1.12777543109e-05 1.32533813257e-07
3.88485110747e-09 1.01632110727e-06 -6.01744742923e-09 -7.72103021518e-08 -8.07982814877e-06
3.54320081897e-06 -6.01744742923e-09 2.90340494757e-06 -1.37307361001e-05 2.43032729941e-07
-1.12777543109e-05 -7.72103021518e-08 -1.37307361001e-05 6.74852053635e-05 -3.49927745447e-07
1.32533813257e-07 -8.07982814877e-06 2.43032729941e-07 -3.49927745447e-07 6.59568686388e-05
-0.401341440324 -1.29867264711 -2.93301391408 -0.0964468830021 1.45628591392
6.80641824147e-05 -4.31428981429e-09 1.81231371243e-05 -5.37884261576e-05 1.7489549009e-06
-4.31428981429e-09 2.39355426856e-06 2.59234518296e-08 -1.83210158866e-06 -4.27029917773e-05
1.81231371243e-05 2.59234518296e-08 3.81938516512e-05 -0.000174719112692 6.26874407317e-06
-5.37884261576e-05 -1.83210158866e-06 -0.000174719112692 0.000816333282273 1.25702001696e-06
1.7489549009e-06 -4.27029917773e-05 6.26874407317e-06 1.25702001696e-06 0.000763696443755
0.875017933584 1.05036390728 -2.73312832812 -0.025656388212 -0.409812409229
0.000205762844416 -5.56612462788e-08 2.9781667763e-05 -8.97211721167e-05 3.69162830793e-06
-5.56612462788e-08 5.75090825805e-06 -1.11786086165e-07 -1.85066016911e-06 -5.66851340409e-05
2.9781667763e-05 -1.11786086165e-07 2.78248317045e-05 -0.00012866932957 6.65391507937e-06
-8.97211721167e-05 -1.85066016911e-06 -0.00012866932957 0.000611974624917 -8.64970479597e-06
3.69162830793e-06 -5.66851340409e-05 6.65391507937e-06 -8.64970479597e-06 0.000561444321647
-0.0974667026141 1.31175365418 -2.65919304995 -0.0702372187849 -0.354645708106
0.000606269051787 3.42848274215e-08 0.000156999536557 -0.000427873223089 -3.74617115995e-06
3.42848274215e-08 1.40651664537e-07 1.12340234892e-08 -1.35560531689e-08 -2.42914916271e-06
0.000156999536557 1.12340234892e-08 4.29862993769e-05 -0.000121403936646 -1.12174848255e-06
-0.000427873223089 -1.35560531689e-08 -0.000121403936646 0.000351535854861 3.00585247714e-06
-3.74617115995e-06 -2.42914916271e-06 -1.12174848255e-06 3.00585247714e-06 4.24554091296e-05
-0.840815701244 -1.0587686127 -2.64184547353 -0.040571893041 2.30145546041
0.000172768326593 -3.20028910039e-08 2.33220343944e-05 -6.35696414975e-05 2.17815272663e-06
-3.20028910039e-08 5.53163954464e-06 -5.27210204382e-08 -1.63242759754e-06 -4.92280996696e-05
2.33220343944e-05 -5.27210204382e-08 2.61096338363e-05 -0.000108685853775 4.44620400231e-06
-6.35696414975e-05 -1.63242759754e-06 -0.000108685853775 0.000461762421764 -2.31700869335e-06
2.17815272663e-06 -4.92280996696e-05 4.44620400231e-06 -2.31700869335e-06 0.00044014537707
0.622892406261 -1.16375830663 -2.36644386307 -0.025842478776 -2.15416103711
8.16547617433e-05 -5.41509193042e-09 1.4926289623e-05 -4.50332481705e-05 -1.33909111355e-06
-5.41509193042e-09 3.84931490771e-06 -6.55398366689e-08 2.27934538088e-06 -4.74539810966e-05
1.4926289623e-05 -6.55398366689e-08 2.74726535281e-05 -0.000129334104713 -4.25356802225e-06
-4.50332481705e-05 2.27934538088e-06 -0.000129334104713 0.000620261067525 -4.05453829444e-06
-1.33909111355e-06 -4.74539810966e-05 -4.25356802225e-06 -4.05453829444e-06 0.000586981652305
-0.287311929674 -1.23356786157 -2.35521651791 -0.016094775376 1.79522364315
0.000123600431834 -2.86709189723e-09 2.72743436653e-05 -8.26736868476e-05 1.5841720824e-06
-2.86709189723e-09 1.01102580174e-06 6.50833431592e-09 -3.67282069647e-07 -1.48660037667e-05
2.72743436653e-05 6.50833431592e-09 1.53226428665e-05 -6.37222474325e-05 1.30730086312e-06
-8.26736868476e-05 -3.67282069647e-07 -6.37222474325e-05 0.000279040192254 -9.03629199911e-07
1.5841720824e-06 -1.48660037667e-05 1.30730086312e-06 -9.03629199911e-07 0.000219443594688
-0.192157642538 -0.939080922135 -2.33931829357 0.11735419423 -3.05473546741
0.000681971083395 -2.89027397571e-08 9.35352727538e-05 -0.000309916445985 3.11581766255e-06
-2.89027397571e-08 3.10976986384e-07 -5.83038284319e-09 9.66678470604e-09 -2.82646396954e-06
9.35352727538e-05 -5.83038284319e-09 1.36892995215e-05 -4.70974518976e-05 5.02010777836e-07
-0.000309916445985 9.66678470604e-09 -4.70974518976e-05 0.000166730926139 -1.72833222223e-06
3.11581766255e-06 -2.82646396954e-06 5.02010777836e-07 -1.72833222223e-06 2.73091409326e-05
-0.301388980852 0.410306700726 -2.27302483251 -0.0123409700971 -4.62118855623
1.38037366924e-05 9.55748333809e-08 2.3498439532e-06 -1.30409498524e-05 -6.32362116448e-07
9.55748333809e-08 7.36651429634e-07 2.14935624854e-08 -1.02341303432e-07 -4.20924425271e-06
2.3498439532e-06 2.14935624854e-08 1.23425763832e-06 -7.32622629585e-06 -1.60217282996e-07
-1.30409498524e-05 -1.02341303432e-07 -7.32622629585e-06 4.66454985144e-05 8.12114762994e-07
-6.32362116448e-07 -4.20924425271e-06 -1.60217282996e-07 8.12114762994e-07 2.54099068115e-05
0.301629616891 0.13819922045 -2.23462222555 -0.00431927726439 -3.17254363606
4.13230782215e-06 6.78055922521e-09 4.25717871622e-07 -1.83798215403e-06 -4.66123530884e-08
6.78055922521e-09 8.93238109256e-07 1.1626211105e-10 -5.70010083578e-09 -5.76398451813e-06
4.25717871622e-07 1.1626211105e-10 5.63373077966e-07 -3.05695107272e-06 6.51790754702e-09
-1.83798215403e-06 -5.70010083578e-09 -3.05695107272e-06 1.79476901394e-05 -3.83692766448e-09
-4.66123530884e-08 -5.76398451813e-06 6.51790754702e-09 -3.83692766448e-09 4.50051666121e-05
0.580006483466 0.15608906803 -2.0757129364 0.018678164877 -5.01183449924
2.27907185035e-05 6.21542772805e-09 1.61101127105e-06 -5.03478986502e-06 -4.04084055106e-08
6.21542772805e-09 2.19636604015e-06 4.65215377332e-09 -6.94531365752e-08 -1.22058700072e-05
1.61101127105e-06 4.65215377332e-09 1.71333192611e-06 -8.15205385152e-06 -1.51889825162e-08
-5.03478986502e-06 -6.94531365752e-08 -8.15205385152e-06 4.12831832364e-05 3.93927223286e-07
-4.04084055106e-08 -1.22058700072e-05 -1.51889825162e-08 3.93927223286e-07 7.51314219087e-05
0.353739900983 -0.66697870163 -2.0579564533 0.0443313828782 -4.09734326465
1.1304506188e-05 -1.16561054142e-08 1.16327339583e-06 -4.05747641707e-06 7.67279573211e-08
-1.16561054142e-08 7.30564295282e-07 -1.37409470469e-08 1.3631171214e-07 -4.53519760413e-06
1.16327339583e-06 -1.37409470469e-08 1.30452849589e-06 -6.20808168605e-06 8.1137216057e-08
-4.05747641707e-06 1.3631171214e-07 -6.20808168605e-06 3.18893362419e-05 -1.0042458598e-06
7.67279573211e-08 -4.53519760413e-06 8.1137216057e-08 -1.0042458598e-06 3.03194137814e-05
-0.461548560273 0.849621178062 -2.03766584511 0.0203539088436 -2.73976464187
4.07276602346e-05 1.7457484347e-09 4.38393817603e-06 -1.32616969495e-05 -2.32056322602e-07
1.7457484347e-09 1.29226907575e-06 6.0506621935e-09 8.06509632412e-08 -8.92555635801e-06
4.38393817603e-06 6.0506621935e-09 3.41498662237e-06 -1.48299932334e-05 -2.8282207154e-07
-1.32616969495e-05 8.06509632412e-08 -1.48299932334e-05 6.72874812153e-05 5.99429711201e-07
-2.32056322602e-07 -8.92555635801e-06 -2.8282207154e-07 5.99429711201e-07 6.37358389213e-05
-1.01859637484 -0.666231607625 -1.98772667851 0.00640976469953 1.32860712206
0.000100188386568 -8.29348234532e-09 8.71090469445e-06 -2.46001654887e-05 4.64288547164e-07
-8.29348234532e-09 5.05980278831e-06 6.42486641667e-09 -6.14651639808e-07 -2.85516180156e-05
8.71090469445e-06 6.42486641667e-09 8.89221337275e-06 -3.8066504203e-05 7.40532414056e-07
-2.46001654887e-05 -6.14651639808e-07 -3.8066504203e-05 0.000166670317412 1.25461539824e-07
4.64288547164e-07 -2.85516180156e-05 7.40532414056e-07 1.25461539824e-07 0.000163713470101
-0.0366551509486 -0.89429313728 -1.92018939107 0.0347414843822 -3.27775585638
2.96852391557e-07 4.65166261066e-09 9.79176135729e-08 -6.86555551965e-07 -6.65647874598e-08
4.65166261066e-09 3.79293716435e-08 2.18254836426e-09 -1.58217066115e-08 -4.73214555541e-07
9.79176135729e-08 2.18254836426e-09 8.85197408707e-08 -6.58412545818e-07 -3.05544425316e-08
-6.86555551965e-07 -1.58217066115e-08 -6.58412545818e-07 6.35481546851e-06 2.37437902229e-07
-6.65647874598e-08 -4.73214555541e-07 -3.05544425316e-08 2.37437902229e-07 7.08132802174e-06
-1.14628362108 -1.00674904477 -1.98153495358 0.0248727221928 2.43710518373
0.000289252755465 -3.82701509372e-10 3.58413490176e-05 -9.78281896096e-05 3.55415704689e-06
-3.82701509372e-10 9.28071312956e-06 1.09160950501e-07 -3.92804031435e-06 -7.57182060624e-05
3.58413490176e-05 1.09160950501e-07 3.70858688257e-05 -0.000154659501277 5.99555232839e-06
-9.78281896096e-05 -3.92804031435e-06 -0.000154659501277 0.000658468634356 2.80303606814e-06
3.55415704689e-06 -7.57182060624e-05 5.99555232839e-06 2.80303606814e-06 0.000621020852122
0.666022417666 0.524384981611 -1.85797930338 0.0390861220308 -4.36046959116
4.50056686532e-05 -2.27779284323e-09 3.59377395398e-06 -1.08255208033e-05 1.16928120519e-07
-2.27779284323e-09 2.16403145714e-06 4.77647876806e-09 -1.33023064564e-07 -1.15441280286e-05
3.59377395398e-06 4.77647876806e-09 3.11134840558e-06 -1.37140195875e-05 1.31166146389e-07
-1.08255208033e-05 -1.33023064564e-07 -1.37140195875e-05 6.29752757959e-05 1.00416883697e-08
1.16928120519e-07 -1.15441280286e-05 1.31166146389e-07 1.00416883697e-08 6.41885126242e-05
-0.401112745083 -0.792547552372 -1.88885497312 0.0426829288373 -3.65615293975
0.00172938639298 5.34890489234e-07 0.000212432423723 -0.000773521664087 1.17952401979e-06
5.34890489234e-07 1.1701714584e-06 8.35967028934e-08 -4.93882282626e-07 -8.53200162965e-06
0.000212432423723 8.35967028934e-08 2.86687063635e-05 -0.000108824620838 1.32143895826e-07
-0.000773521664087 -4.93882282626e-07 -0.000108824620838 0.000426951999543 7.96562915184e-07
1.17952401979e-06 -8.53200162965e-06 1.32143895826e-07 7.96562915184e-07 6.76168347127e-05
-1.08492060834 0.997604630852 -1.94870184483 0.0398183114279 2.57509432534
0.00018960107991 -6.39185859796e-09 2.30828736676e-05 -6.28894704278e-05 -2.05578703572e-06
-6.39185859796e-09 8.40956272441e-06 -1.06307965098e-07 3.32843205797e-06 -6.76170311635e-05
2.30828736676e-05 -1.06307965098e-07 3.12550655508e-05 -0.00013181369286 -4.59516286355e-06
-6.28894704278e-05 3.32843205797e-06 -0.00013181369286 0.000565508205909 -3.52180200025e-06
-2.05578703572e-06 -6.76170311635e-05 -4.59516286355e-06 -3.52180200025e-06 0.000546564580873
-1.52188353139 -0.559584175858 -1.93440639416 0.05040178905 -4.36439482553
0.000264788104687 -1.44613512276e-08 2.08022265724e-05 -5.7382232626e-05 1.17496165331e-06
-1.44613512276e-08 1.03284482975e-05 -1.43164839983e-08 -1.26482859741e-06 -5.38205931662e-05
2.08022265724e-05 -1.43164839983e-08 1.583291305e-05 -6.69453147566e-05 1.64722962381e-06
-5.7382232626e-05 -1.26482859741e-06 -6.69453147566e-05 0.000289056129986 -5.88429962534e-08
1.17496165331e-06 -5.38205931662e-05 1.64722962381e-06 -5.88429962534e-08 0.000283640489215
1.84911323495 0.377762671666 -1.73248123743 0.0665513526609 -4.69685621199
0.000420789961936 -3.8376889222e-08 3.01603722619e-05 -8.40962966322e-05 1.51923234171e-06
-3.8376889222e-08 1.56054757099e-05 2.28366197064e-08 -1.50567598212e-06 -7.51388070057e-05
3.01603722619e-05 2.28366197064e-08 1.84818545677e-05 -7.88262113929e-05 1.40674387694e-06
-8.40962966322e-05 -1.50567598212e-06 -7.88262113929e-05 0.000344392756233 6.76559579915e-07
1.51923234171e-06 -7.51388070057e-05 1.40674387694e-06 6.76559579915e-07 0.000367707543774
-0.348433550259 1.27528607618 -1.84140420634 0.0342788251385 -0.403324238695
9.24111300264e-05 5.88529580625e-09 2.14166921069e-05 -5.97973776166e-05 -1.38013581363e-06
5.88529580625e-09 1.63869469816e-06 2.22116458559e-08 6.57117595892e-07 -2.46216950472e-05
2.14166921069e-05 2.22116458559e-08 2.45894116233e-05 -0.000100555465906 -3.00184569824e-06
-5.97973776166e-05 6.57117595892e-07 -0.000100555465906 0.000425061763963 1.16099749903e-06
-1.38013581363e-06 -2.46216950472e-05 -3.00184569824e-06 1.16099749903e-06 0.000370850553736
0.997547431168 1.0268504687 -1.6532689384 0.0338021693789 -0.447704264007
0.000213377323234 1.8338431218e-08 2.85060232272e-05 -8.31604920677e-05 2.74484727925e-06
1.8338431218e-08 7.56999725127e-06 8.77363248719e-08 -3.74682872462e-06 -7.08286388544e-05
2.85060232272e-05 8.77363248719e-08 3.20682083839e-05 -0.000148371138494 5.73259512748e-06
-8.31604920677e-05 -3.74682872462e-06 -0.000148371138494 0.00070286000846 4.29150532e-06
2.74484727925e-06 -7.08286388544e-05 5.73259512748e-06 4.29150532e-06 0.000665784289595
1.11135494944 -0.712723150012 -1.63151645648 0.0558460548811 3.25166645558
0.000162759635714 -5.78896504067e-08 1.49879269884e-05 -4.47838465334e-05 -5.43483508864e-07
-5.78896504067e-08 6.53376673654e-06 -4.03590121323e-08 1.41880377669e-06 -4.24907302659e-05
1.49879269884e-05 -4.03590121323e-08 1.25799706439e-05 -5.91651914874e-05 -1.23094753235e-06
-4.47838465334e-05 1.41880377669e-06 -5.91651914874e-05 0.000285935937427 -2.31495027947e-06
-5.43483508864e-07 -4.24907302659e-05 -1.23094753235e-06 -2.31495027947e-06 0.000279846368358
-1.22187737985 -0.447558276057 -1.68402981399 0.0743810214705 -1.54612916043
0.00510639930144 -4.87667819016e-07 0.000423628778663 -0.00131285085808 2.09597528738e-05
-4.87667819016e-07 6.65509651299e-06 -4.16836911654e-08 -4.71166487159e-07 -3.6530669604e-05
0.000423628778663 -4.16836911654e-08 4.29826177424e-05 -0.000147352155182 2.40363624471e-06
-0.00131285085808 -4.71166487159e-07 -0.000147352155182 0.000528507807758 -5.32757348992e-06
2.09597528738e-05 -3.6530669604e-05 2.40363624471e-06 -5.32757348992e-06 0.000204607305932
-1.15199616447 -1.02390217179 -1.67830789274 0.00705234896508 -2.71031347507
0.000194181746338 -1.74420335952e-08 2.68696112471e-05 -8.11522695585e-05 3.61074148714e-06
-1.74420335952e-08 9.73856094788e-06 2.11134558725e-08 -4.91338914799e-06 -9.0361070761e-05
2.68696112471e-05 2.11134558725e-08 4.07517327403e-05 -0.000192064690054 9.85705901257e-06
-8.11522695585e-05 -4.91338914799e-06 -0.000192064690054 0.000929808011279 -3.09263828058e-06
3.61074148714e-06 -9.0361070761e-05 9.85705901257e-06 -3.09263828058e-06 0.000845777976792
0.791384314423 0.0331194330121 -1.54808151736 0.0847401355408 -3.23893245358
8.25568713481e-05 -7.42387626929e-08 5.87293789067e-06 -1.76254998223e-05 6.56464749227e-07
-7.42387626929e-08 4.23548726758e-06 -9.55296819427e-09 3.07591001558e-08 -2.48133219429e-05
5.87293789067e-06 -9.55296819427e-09 3.1051354199e-06 -1.31553069878e-05 9.35973574201e-08
-1.76254998223e-05 3.07591001558e-08 -1.31553069878e-05 5.82196371397e-05 -3.5147172639e-07
6.56464749227e-07 -2.48133219429e-05 9.35973574201e-08 -3.5147172639e-07 0.00016654439969
0.226506215553 -1.23000791647 -1.39336060517 0.140028293995 -1.16074784409
2.1051713702e-05 -5.8933853353e-09 4.64313643533e-06 -1.42954713738e-05 -7.5525001364e-08
-5.8933853353e-09 6.25850816505e-07 -1.40870373144e-08 2.6009558951e-07 -9.11662664294e-06
4.64313643533e-06 -1.40870373144e-08 6.77544858263e-06 -3.13840464514e-05 -2.50574004212e-07
-1.42954713738e-05 2.6009558951e-07 -3.13840464514e-05 0.000149807077833 -1.85986095858e-06
-7.5525001364e-08 -9.11662664294e-06 -2.50574004212e-07 -1.85986095858e-06 0.000133580135298
-0.608890816848 1.27020444404 -1.44916796657 0.0493779180478 -1.45267837644
0.000126985352836 -5.24765475518e-08 2.41186426138e-05 -5.91263269598e-05 -1.27225314372e-06
-5.24765475518e-08 5.65426762478e-06 -1.43858358115e-07 5.00723672303e-06 -8.35893151816e-05
2.41186426138e-05 -1.43858358115e-07 7.65285658417e-05 -0.000328634632751 -1.31873157443e-05
-5.91263269598e-05 5.00723672303e-06 -0.000328634632751 0.00143299798947 -7.50476738176e-06
-1.27225314372e-06 -8.35893151816e-05 -1.31873157443e-05 -7.50476738176e-06 0.00123947742395
-0.652075304473 -1.22328988161 -1.31983256348 0.0810473259682 0.365180723697
0.000120244483696 -7.04513913874e-09 2.4189846954e-05 -6.95988710504e-05 2.77115327663e-06
-7.04513913874e-09 5.17650232723e-06 5.37334301498e-08 -3.81937434213e-06 -7.23348202882e-05
2.4189846954e-05 5.37334301498e-08 4.88224250148e-05 -0.000223820272367 1.01048135548e-05
-6.95988710504e-05 -3.81937434213e-06 -0.000223820272367 0.00104625255335 2.48957212534e-06
2.77115327663e-06 -7.23348202882e-05 1.01048135548e-05 2.48957212534e-06 0.00101409060881
1.28693702189 -0.588550905417 -1.17407260445 0.112992658584 5.87516417487
0.000143088924233 6.28662288893e-10 1.18301586554e-05 -3.46190099663e-05 -6.56893462292e-07
6.28662288893e-10 7.67995970818e-06 -1.33904283217e-08 1.14087117709e-06 -4.46229641966e-05
1.18301586554e-05 -1.33904283217e-08 1.19304713735e-05 -5.57791754545e-05 -1.23150277886e-06
-3.46190099663e-05 1.14087117709e-06 -5.57791754545e-05 0.000266162358457 -4.52204488965e-07
-6.56893462292e-07 -4.46229641966e-05 -1.23150277886e-06 -4.52204488965e-07 0.000261659035459
1.42022566071 0.385023478301 -1.16802346997 0.115648760736 4.42661529295
7.95883388491e-05 9.82344694478e-09 5.84741246712e-06 -1.70606599568e-05 1.7468832425e-07
9.82344694478e-09 9.04413718672e-06 5.6841642504e-09 -8.05945262528e-07 -4.78261645185e-05
5.84741246712e-06 5.6841642504e-09 1.03918773675e-05 -4.95639360452e-05 7.71198756411e-07
-1.70606599568e-05 -8.05945262528e-07 -4.95639360452e-05 0.000240204521106 4.82893085518e-07
1.7468832425e-07 -4.78261645185e-05 7.71198756411e-07 4.82893085518e-07 0.000257122097537
0.229524905614 -1.1296671718 -1.19145631469 0.104967310248 -0.816984635889
3.21123952745e-05 -4.09341804897e-09 5.09509618496e-06 -1.53204728122e-05 -1.51699225626e-07
-4.09341804897e-09 5.35649462563e-07 -3.53168716494e-09 9.7492993234e-08 -6.15031740381e-06
5.09509618496e-06 -3.53168716494e-09 3.84801751352e-06 -1.72460622707e-05 -2.04759345479e-07
-1.53204728122e-05 9.7492993234e-08 -1.72460622707e-05 8.08296754258e-05 1.95270715153e-08
-1.51699225626e-07 -6.15031740381e-06 -2.04759345479e-07 1.95270715153e-08 7.19728050171e-05
0.222466307002 -1.28431689781 -0.944458676732 0.131299977799 -0.314752636009
2.93425800919e-05 -2.07896455606e-09 7.11525717634e-06 -1.97002027562e-05 -2.49395441188e-07
-2.07896455606e-09 6.83336793372e-07 -1.43287497423e-08 2.63028397285e-07 -1.03097345345e-05
7.11525717634e-06 -1.43287497423e-08 1.05367416836e-05 -4.25830330641e-05 -5.14086309522e-07
-1.97002027562e-05 2.63028397285e-07 -4.25830330641e-05 0.000176849032869 -1.0490330169e-06
-2.49395441188e-07 -1.03097345345e-05 -5.14086309522e-07 -1.0490330169e-06 0.000156128240633
-0.864245672749 -0.290786080357 -0.97943097823 0.124301849186 -1.75560512356
4.63554933958e-05 -2.0023717795e-08 3.32693980454e-06 -9.6166795629e-06 2.47683914267e-07
-2.0023717795e-08 4.43762337454e-06 -1.43490712645e-08 -1.30797815245e-07 -2.57068804785e-05
3.32693980454e-06 -1.43490712645e-08 3.51755488737e-06 -1.51333852045e-05 2.32620550378e-07
-9.6166795629e-06 -1.30797815245e-07 -1.51333852045e-05 6.7488028435e-05 2.91641811145e-07
2.47683914267e-07 -2.57068804785e-05 2.32620550378e-07 2.91641811145e-07 0.00016759725986
-0.583137242581 0.791627249214 -0.906660544873 0.112157031884 -1.24190915472
4.95199565194e-05 -3.83679488181e-09 4.84511110699e-06 -1.38593422889e-05 -1.58192705157e-07
-3.83679488181e-09 1.97336089514e-06 -1.11491376131e-08 2.3683953998e-07 -1.23794588944e-05
4.84511110699e-06 -1.11491376131e-08 4.34529829363e-06 -1.8235454263e-05 -2.05368195338e-07
-1.38593422889e-05 2.3683953998e-07 -1.8235454263e-05 7.91771381046e-05 -3.55182947942e-07
-1.58192705157e-07 -1.23794588944e-05 -2.05368195338e-07 -3.55182947942e-07 8.0194149632e-05
0.437535758655 -1.21633391803 -0.735275741891 0.10596814167 -1.76312278915
0.000152659180458 1.50525565346e-08 2.90220541501e-05 -7.86094533396e-05 -2.07732614399e-06
1.50525565346e-08 2.17810861614e-06 7.07889835638e-09 7.37535174267e-07 -2.67891846306e-05
2.90220541501e-05 7.07889835638e-09 2.3683098334e-05 -9.26987995626e-05 -2.73944488072e-06
-7.86094533396e-05 7.37535174267e-07 -9.26987995626e-05 0.000375046831323 1.85749377124e-06
-2.07732614399e-06 -2.67891846306e-05 -2.73944488072e-06 1.85749377124e-06 0.000330723531079
0.700457497062 1.21690222718 -0.604382503557 0.141524936582 -0.617251487838
0.0020562603604 -5.76354011628e-07 0.00040458861622 -0.0011546468595 5.35986255272e-05
-5.76354011628e-07 5.07468894284e-06 -3.01653017232e-07 -2.35513539337e-06 -6.88808722771e-05
0.00040458861622 -3.01653017232e-07 0.000121643766761 -0.000425070116762 2.31072190218e-05
-0.0011546468595 -2.35513539337e-06 -0.000425070116762 0.00158408959396 -4.06677718274e-05
5.35986255272e-05 -6.88808722771e-05 2.31072190218e-05 -4.06677718274e-05 0.000939159595873
-0.89518853823 0.218750436547 -0.661672035834 0.124154559026 -1.79793420481
7.95854793978e-05 1.46461314188e-08 5.84644749324e-06 -1.79063063115e-05 -2.59093269506e-07
1.46461314188e-08 3.96884070142e-06 4.71173944305e-09 1.00725792151e-07 -2.12771410588e-05
5.84644749324e-06 4.71173944305e-09 3.80801407118e-06 -1.76134471985e-05 -1.45403234342e-07
-1.79063063115e-05 1.00725792151e-07 -1.76134471985e-05 8.41130313347e-05 -3.398490378e-08
-2.59093269506e-07 -2.12771410588e-05 -1.45403234342e-07 -3.398490378e-08 0.000122094381368
-0.839580999694 -0.867653034714 -0.66145277279 0.09690364847 -3.29508781364
0.000147993254359 -4.08797795615e-09 1.60041581694e-05 -4.69846818305e-05 1.08869892301e-06
-4.08797795615e-09 4.23648316428e-06 -7.35542737829e-09 -7.89970442838e-07 -3.1098825275e-05
1.60041581694e-05 -7.35542737829e-09 1.17954205052e-05 -5.28728596692e-05 1.49327115651e-06
-4.69846818305e-05 -7.89970442838e-07 -5.28728596692e-05 0.000243871836574 -9.14592874324e-07
1.08869892301e-06 -3.1098825275e-05 1.49327115651e-06 -9.14592874324e-07 0.000230402147281
0.334760605775 -0.302619460371 -0.524869659361 0.11493516015 -4.85271536248
0.00136499572545 8.98600163168e-08 0.000118389405543 -0.000392474146793 -1.81476912076e-06
8.98600163168e-08 7.54549603244e-07 7.69956365332e-09 -5.19445331193e-09 -4.92635899718e-06
0.000118389405543 7.69956365332e-09 1.0905308045e-05 -3.73966613552e-05 -1.70723382098e-07
-0.000392474146793 -5.19445331193e-09 -3.73966613552e-05 0.000131900655106 4.32149533935e-07
-1.81476912076e-06 -4.92635899718e-06 -1.70723382098e-07 4.32149533935e-07 3.68107321265e-05
0.855002160395 -0.412441724816 -0.301840644215 0.116124029316 -4.64910713553
4.65993362013e-05 -1.39790277132e-08 3.20045410263e-06 -9.02169267647e-06 2.25430394352e-08
-1.39790277132e-08 3.47228001374e-06 -1.50585162118e-08 2.67787100938e-07 -1.69467220985e-05
3.20045410263e-06 -1.50585162118e-08 4.29772535426e-06 -1.82476724149e-05 -7.0975097799e-08
-9.02169267647e-06 2.67787100938e-07 -1.82476724149e-05 8.05084273452e-05 -8.66260052135e-07
2.25430394352e-08 -1.69467220985e-05 -7.0975097799e-08 -8.66260052135e-07 8.69304494699e-05
0.75741144455 0.894323287451 -0.275989210162 0.125679132475 -1.10904556329
9.36770011322e-05 9.46788247802e-09 9.55787618295e-06 -2.54927836068e-05 3.53091536454e-07
9.46788247802e-09 3.59509840564e-06 1.97355358722e-08 -6.88765339873e-07 -2.41979523707e-05
9.55787618295e-06 1.97355358722e-08 1.01346549854e-05 -4.12788613176e-05 7.20569346413e-07
-2.54927836068e-05 -6.88765339873e-07 -4.12788613176e-05 0.000172490472323 1.33480091336e-06
3.53091536454e-07 -2.41979523707e-05 7.20569346413e-07 1.33480091336e-06 0.000164873781614
1.78075023642 -0.0507842267834 -0.205524356168 0.11802958928 1.78827644164
0.000368468026863 -2.31965895381e-08 2.39163291553e-05 -6.46973276162e-05 -1.29241342961e-07
-2.31965895381e-08 1.39626890814e-05 -5.74372993611e-09 1.78811490059e-07 -6.17499390501e-05
2.39163291553e-05 -5.74372993611e-09 1.38404948302e-05 -5.61039851164e-05 -9.52305825308e-08
-6.46973276162e-05 1.78811490059e-07 -5.61039851164e-05 0.000233975632 -3.9710178612e-07
-1.29241342961e-07 -6.17499390501e-05 -9.52305825308e-08 -3.9710178612e-07 0.000286911643343
0.121993822544 0.763533904231 -0.203297772695 0.110600462223 -3.71383666206
1.3805731669e-06 1.42869338582e-09 2.08869167295e-07 -9.40872439514e-07 -1.16914273818e-08
1.42869338582e-09 1.3925142639e-07 1.98485183844e-09 -1.86490272114e-08 -1.06511515696e-06
2.08869167295e-07 1.98485183844e-09 2.58988535506e-07 -1.32222953653e-06 -1.53497410338e-08
-9.40872439514e-07 -1.86490272114e-08 -1.32222953653e-06 7.8879056673e-06 1.82044317398e-07
-1.16914273818e-08 -1.06511515696e-06 -1.53497410338e-08 1.82044317398e-07 9.65454364632e-06
1.98018368763 -0.047658126475 -0.110659168714 0.120323515262 4.77131994533
0.000144582474604 -1.35359998765e-08 9.46830732573e-06 -2.53045873251e-05 -3.46911654958e-08
-1.35359998765e-08 1.68624010257e-05 -3.7293057531e-09 1.98165892584e-07 -7.33907872927e-05
9.46830732573e-06 -3.7293057531e-09 1.58477996592e-05 -6.50498332107e-05 -1.30161041056e-07
-2.53045873251e-05 1.98165892584e-07 -6.50498332107e-05 0.000270472984994 -3.59968737484e-07
-3.46911654958e-08 -7.33907872927e-05 -1.30161041056e-07 -3.59968737484e-07 0.000334360956913
0.962505779994 -0.96727763127 -0.0990027248303 0.110786336871 -1.7652427845
0.000308395683533 5.24949861358e-08 3.59594414476e-05 -9.60075049079e-05 -3.00055853586e-06
5.24949861358e-08 6.30323256701e-06 1.48880063833e-08 1.48176400216e-06 -4.60633746115e-05
3.59594414476e-05 1.48880063833e-08 2.35620082094e-05 -9.14196134545e-05 -3.08216135636e-06
-9.60075049079e-05 1.48176400216e-06 -9.14196134545e-05 0.000364149949746 9.93899107016e-07
-3.00055853586e-06 -4.60633746115e-05 -3.08216135636e-06 9.93899107016e-07 0.000339175428962
0.27163002186 -0.903419518911 -0.105220696129 0.108242029705 -3.10455499612
1.22530664157e-05 -5.17329845628e-10 1.39634562402e-06 -4.24274094257e-06 -5.37826281288e-08
-5.17329845628e-10 5.20897799561e-07 8.09763145426e-10 2.36705588463e-08 -3.75871695724e-06
1.39634562402e-06 8.09763145426e-10 1.48184278714e-06 -6.29308260613e-06 -7.83943434612e-08
-4.24274094257e-06 2.36705588463e-08 -6.29308260613e-06 2.82991404674e-05 1.71658015802e-07
-5.37826281288e-08 -3.75871695724e-06 -7.83943434612e-08 1.71658015802e-07 2.88574701699e-05
-0.884912169627 0.995410971399 -0.191371954605 0.111009369717 -0.552969873596
0.000559145933948 2.32240093823e-08 6.85348568368e-05 -0.000183413125342 -5.01466547576e-06
2.32240093823e-08 5.64487072552e-06 -4.14633483103e-08 1.57941269663e-06 -4.29169958807e-05
6.85348568368e-05 -4.14633483103e-08 2.73139230558e-05 -0.000100640529126 -2.79113965007e-06
-0.000183413125342 1.57941269663e-06 -0.000100640529126 0.000384948711144 -1.49498433188e-07
-5.01466547576e-06 -4.29169958807e-05 -2.79113965007e-06 -1.49498433188e-07 0.000328636757331
-1.36203451994 0.881921575984 -0.19936652058 0.114781814477 -1.13209787363
0.000676808820572 4.53759234631e-08 7.03381301719e-05 -0.000187561861821 -6.26885184829e-06
4.53759234631e-08 1.16942719615e-05 -9.61327728533e-08 3.42432895195e-06 -7.60851908126e-05
7.03381301719e-05 -9.61327728533e-08 3.56476521119e-05 -0.000136809190735 -4.57408577859e-06
-0.000187561861821 3.42432895195e-06 -0.000136809190735 0.00054073339561 -1.8390430796e-06
-6.26885184829e-06 -7.60851908126e-05 -4.57408577859e-06 -1.8390430796e-06 0.000498435460031
0.226163431833 1.26315796196 -0.0577394933115 0.108911363787 0.339147685646
0.000133595749503 -1.04923971733e-08 2.97740862152e-05 -8.11603604234e-05 1.39803921684e-06
-1.04923971733e-08 7.12751784704e-07 1.98933647333e-09 -1.63774629414e-07 -9.78139541985e-06
2.97740862152e-05 1.98933647333e-09 1.45892490764e-05 -5.16089239682e-05 8.82501069555e-07
-8.11603604234e-05 -1.63774629414e-07 -5.16089239682e-05 0.000192915642401 -1.39648432196e-06
1.39803921684e-06 -9.78139541985e-06 8.82501069555e-07 -1.39648432196e-06 0.000135054739076
0.312757238146 -1.08888283972 -0.0490715246165 0.0886454003888 -1.92627063905
0.000860098574776 1.48787492549e-07 0.000130037980853 -0.000361887476174 -6.16108036411e-06
1.48787492549e-07 8.48042645885e-07 2.59747778841e-08 2.48516265344e-08 -7.7589038483e-06
0.000130037980853 2.59747778841e-08 2.3609973141e-05 -7.13971312507e-05 -1.23440963762e-06
-0.000361887476174 2.48516265344e-08 -7.13971312507e-05 0.000223939379794 3.02428225041e-06
-6.16108036411e-06 -7.7589038483e-06 -1.23440963762e-06 3.02428225041e-06 7.24270867067e-05
1.07022428544 -0.43482003108 -0.0215575915356 0.0756717155069 -4.59652302148
0.000180690636626 -1.04607833507e-09 1.32463919726e-05 -3.63687213394e-05 -4.2900921926e-07
-1.04607833507e-09 4.82565383209e-06 5.50603562743e-09 2.36985442825e-07 -2.26373722398e-05
1.32463919726e-05 5.50603562743e-09 6.77787147652e-06 -2.72528250207e-05 -3.79173599185e-07
-3.63687213394e-05 2.36985442825e-07 -2.72528250207e-05 0.000113213129225 3.93204004467e-07
-4.2900921926e-07 -2.26373722398e-05 -3.79173599185e-07 3.93204004467e-07 0.000108479995106
-0.278552557715 1.1092886421 0.197309758254 0.0598658444445 -2.3376329285
1.47810706039e-05 2.18098938909e-09 2.50787866207e-06 -7.80807113188e-06 -1.08049398762e-07
2.18098938909e-09 7.30527631276e-07 2.61983212901e-09 1.16679508722e-07 -7.62417812439e-06
2.50787866207e-06 2.61983212901e-09 4.12528197558e-06 -1.85755652637e-05 -2.7482676046e-07
-7.80807113188e-06 1.16679508722e-07 -1.85755652637e-05 8.60176223796e-05 -1.53436687356e-07
-1.08049398762e-07 -7.62417812439e-06 -2.7482676046e-07 -1.53436687356e-07 8.0825338955e-05
-0.506138042833 1.09198281279 0.249661819937 0.0661956792333 -0.913126920063
0.00304536055773 -6.71576430022e-08 0.00050307327183 -0.00151506077964 -3.07349619106e-05
-6.71576430022e-08 2.20881884161e-06 -2.35895853962e-08 6.89521641561e-07 -2.20756446652e-05
0.00050307327183 -2.35895853962e-08 9.42374099395e-05 -0.000301365973428 -6.22094557912e-06
-0.00151506077964 6.89521641561e-07 -0.000301365973428 0.000989954918623 1.43661045513e-05
-3.07349619106e-05 -2.20756446652e-05 -6.22094557912e-06 1.43661045513e-05 0.000222811693675
0.412066551026 -0.322171912399 0.313817805701 0.0718682947176 -3.04284919736
2.85606729449e-05 -3.15314778732e-08 2.59810872194e-06 -9.29691577767e-06 1.75937373115e-07
-3.15314778732e-08 1.3190071968e-06 -1.35734934403e-08 1.0305146958e-07 -6.05314198765e-06
2.59810872194e-06 -1.35734934403e-08 1.79828384717e-06 -7.82003644417e-06 6.85849954607e-08
-9.29691577767e-06 1.0305146958e-07 -7.82003644417e-06 3.55701849912e-05 -5.65148070564e-07
1.75937373115e-07 -6.05314198765e-06 6.85849954607e-08 -5.65148070564e-07 2.88934570563e-05
-0.686238986991 1.31894067625 0.194906047028 0.0893780126611 -0.956839664088
0.00389250623994 -1.23548659303e-06 0.00106510566548 -0.00299959070981 -0.000142555247294
-1.23548659303e-06 1.06588295239e-05 -1.84434156836e-06 2.13050698221e-05 -0.000193440268049
0.00106510566548 -1.84434156836e-06 0.000461641815491 -0.00159565324429 -6.51746813674e-05
-0.00299959070981 2.13050698221e-05 -0.00159565324429 0.00585933541879 -1.67114485521e-05
-0.000142555247294 -0.000193440268049 -6.51746813674e-05 -1.67114485521e-05 0.00353488605469
-0.582913900049 -1.29088506206 0.256287164017 0.0730456043477 0.43100843604
0.000187783545698 -1.30620412264e-08 3.53550967702e-05 -8.01519854576e-05 3.08069206767e-06
-1.30620412264e-08 5.42866337128e-06 1.03210041402e-07 -4.17193632529e-06 -8.08673576103e-05
3.53550967702e-05 1.03210041402e-07 8.22201109258e-05 -0.000327514775563 1.44291434481e-05
-8.01519854576e-05 -4.17193632529e-06 -0.000327514775563 0.00132972153369 -3.08375388158e-06
3.08069206767e-06 -8.08673576103e-05 1.44291434481e-05 -3.08375388158e-06 0.00120843492914
0.513932573075 1.26261780326 0.45060785636 0.0669816686092 0.303370410817
0.000284259265754 -3.72994399811e-08 6.15804165136e-05 -0.000161360803759 5.37155301572e-06
-3.72994399811e-08 3.8352577576e-06 3.60344181161e-08 -2.06607842301e-06 -5.08187185915e-05
6.15804165136e-05 3.60344181161e-08 5.37424348295e-05 -0.000197638306418 6.572267921e-06
-0.000161360803759 -2.06607842301e-06 -0.000197638306418 0.00074909941759 6.30900501619e-07
5.37155301572e-06 -5.08187185915e-05 6.572267921e-06 6.30900501619e-07 0.000675037910696
-1.15111921344 -0.978766885668 0.383953749442 0.0830814482405 -0.485170591367
0.000487592711579 -4.04232629592e-08 5.60654916626e-05 -0.000149290179252 5.54025609745e-06
-4.04232629592e-08 9.32857710723e-06 1.96953759968e-08 -2.8003873922e-06 -6.82316240272e-05
5.60654916626e-05 1.96953759968e-08 3.6951223592e-05 -0.000143774741446 5.80103642278e-06
-0.000149290179252 -2.8003873922e-06 -0.000143774741446 0.000583361950703 -4.1229609451e-06
5.54025609745e-06 -6.82316240272e-05 5.80103642278e-06 -4.1229609451e-06 0.00050599972019
-1.12541880809 -0.558717917705 0.417502296596 0.0545544166551 -4.27482074195
0.000226721094805 6.03698069312e-08 1.67779544427e-05 -4.36491063738e-05 3.83512116287e-07
